name,prompt,negative_prompt,category,weight,favorite
0001 | Original Cinematic Horror/Abandoned County Hospital — Blue Hour,"Abandoned County Hospital, a sprawling abandoned hospital with tiled wards, nurses’ station, empty operating rooms and rain on broken windows, at blue hour, cool exterior ambience, small warm practical lights, layered depth, precise production design and a polished widescreen horror establishing shot, no people present, environment-first composition, highly detailed architecture and surfaces, coherent spatial layout, cinematic depth, polished colour separation, subtle volumetric atmosphere, realistic materials, professional horror production design","people as main subject, visible monster as main subject, graphic gore, modern clutter that contradicts the setting, bright cheerful mood, flat lighting, malformed architecture, impossible perspective, duplicated doors, floating objects, warped signage, invented readable text, watermark, logo, low detail, blur",Original Cinematic Horror,1.0,False
0002 | Original Cinematic Horror/Abandoned County Hospital — Moonlit Fog,"Abandoned County Hospital, a sprawling abandoned hospital with tiled wards, nurses’ station, empty operating rooms and rain on broken windows, under moonlight and drifting fog, strong silhouettes, readable environmental detail, controlled contrast and a quiet supernatural atmosphere, no people present, environment-first composition, highly detailed architecture and surfaces, coherent spatial layout, cinematic depth, polished colour separation, subtle volumetric atmosphere, realistic materials, professional horror production design","people as main subject, visible monster as main subject, graphic gore, modern clutter that contradicts the setting, bright cheerful mood, flat lighting, malformed architecture, impossible perspective, duplicated doors, floating objects, warped signage, invented readable text, watermark, logo, low detail, blur",Original Cinematic Horror,1.0,False
0003 | Original Cinematic Horror/Abandoned County Hospital — Storm Night,"Abandoned County Hospital, a sprawling abandoned hospital with tiled wards, nurses’ station, empty operating rooms and rain on broken windows, during a stormy night, rain or wind appropriate to the setting, intermittent practical light, reflective surfaces and cinematic tension without visible characters, no people present, environment-first composition, highly detailed architecture and surfaces, coherent spatial layout, cinematic depth, polished colour separation, subtle volumetric atmosphere, realistic materials, professional horror production design","people as main subject, visible monster as main subject, graphic gore, modern clutter that contradicts the setting, bright cheerful mood, flat lighting, malformed architecture, impossible perspective, duplicated doors, floating objects, warped signage, invented readable text, watermark, logo, low detail, blur",Original Cinematic Horror,1.0,False
0004 | Original Cinematic Horror/Abandoned County Hospital — Abandoned Daylight,"Abandoned County Hospital, a sprawling abandoned hospital with tiled wards, nurses’ station, empty operating rooms and rain on broken windows, in pale overcast daylight, abandonment clearly visible, authentic wear and material detail, long empty sightlines and unsettling realism rather than darkness alone, no people present, environment-first composition, highly detailed architecture and surfaces, coherent spatial layout, cinematic depth, polished colour separation, subtle volumetric atmosphere, realistic materials, professional horror production design","people as main subject, visible monster as main subject, graphic gore, modern clutter that contradicts the setting, bright cheerful mood, flat lighting, malformed architecture, impossible perspective, duplicated doors, floating objects, warped signage, invented readable text, watermark, logo, low detail, blur",Original Cinematic Horror,1.0,False
0005 | Original Cinematic Horror/Derelict Psychiatric Asylum — Blue Hour,"Derelict Psychiatric Asylum, a decaying institutional asylum with radial corridors, barred rooms, hydrotherapy chamber and peeling green paint, at blue hour, cool exterior ambience, small warm practical lights, layered depth, precise production design and a polished widescreen horror establishing shot, no people present, environment-first composition, highly detailed architecture and surfaces, coherent spatial layout, cinematic depth, polished colour separation, subtle volumetric atmosphere, realistic materials, professional horror production design","people as main subject, visible monster as main subject, graphic gore, modern clutter that contradicts the setting, bright cheerful mood, flat lighting, malformed architecture, impossible perspective, duplicated doors, floating objects, warped signage, invented readable text, watermark, logo, low detail, blur",Original Cinematic Horror,1.0,False
0006 | Original Cinematic Horror/Derelict Psychiatric Asylum — Moonlit Fog,"Derelict Psychiatric Asylum, a decaying institutional asylum with radial corridors, barred rooms, hydrotherapy chamber and peeling green paint, under moonlight and drifting fog, strong silhouettes, readable environmental detail, controlled contrast and a quiet supernatural atmosphere, no people present, environment-first composition, highly detailed architecture and surfaces, coherent spatial layout, cinematic depth, polished colour separation, subtle volumetric atmosphere, realistic materials, professional horror production design","people as main subject, visible monster as main subject, graphic gore, modern clutter that contradicts the setting, bright cheerful mood, flat lighting, malformed architecture, impossible perspective, duplicated doors, floating objects, warped signage, invented readable text, watermark, logo, low detail, blur",Original Cinematic Horror,1.0,False
0007 | Original Cinematic Horror/Derelict Psychiatric Asylum — Storm Night,"Derelict Psychiatric Asylum, a decaying institutional asylum with radial corridors, barred rooms, hydrotherapy chamber and peeling green paint, during a stormy night, rain or wind appropriate to the setting, intermittent practical light, reflective surfaces and cinematic tension without visible characters, no people present, environment-first composition, highly detailed architecture and surfaces, coherent spatial layout, cinematic depth, polished colour separation, subtle volumetric atmosphere, realistic materials, professional horror production design","people as main subject, visible monster as main subject, graphic gore, modern clutter that contradicts the setting, bright cheerful mood, flat lighting, malformed architecture, impossible perspective, duplicated doors, floating objects, warped signage, invented readable text, watermark, logo, low detail, blur",Original Cinematic Horror,1.0,False
0008 | Original Cinematic Horror/Derelict Psychiatric Asylum — Abandoned Daylight,"Derelict Psychiatric Asylum, a decaying institutional asylum with radial corridors, barred rooms, hydrotherapy chamber and peeling green paint, in pale overcast daylight, abandonment clearly visible, authentic wear and material detail, long empty sightlines and unsettling realism rather than darkness alone, no people present, environment-first composition, highly detailed architecture and surfaces, coherent spatial layout, cinematic depth, polished colour separation, subtle volumetric atmosphere, realistic materials, professional horror production design","people as main subject, visible monster as main subject, graphic gore, modern clutter that contradicts the setting, bright cheerful mood, flat lighting, malformed architecture, impossible perspective, duplicated doors, floating objects, warped signage, invented readable text, watermark, logo, low detail, blur",Original Cinematic Horror,1.0,False
0009 | Original Cinematic Horror/Empty Shopping Mall — Blue Hour,"Empty Shopping Mall, a silent multi-level shopping mall after permanent closure, dead escalators, shuttered stores, dry fountain and skylight shadows, at blue hour, cool exterior ambience, small warm practical lights, layered depth, precise production design and a polished widescreen horror establishing shot, no people present, environment-first composition, highly detailed architecture and surfaces, coherent spatial layout, cinematic depth, polished colour separation, subtle volumetric atmosphere, realistic materials, professional horror production design","people as main subject, visible monster as main subject, graphic gore, modern clutter that contradicts the setting, bright cheerful mood, flat lighting, malformed architecture, impossible perspective, duplicated doors, floating objects, warped signage, invented readable text, watermark, logo, low detail, blur",Original Cinematic Horror,1.0,False
0010 | Original Cinematic Horror/Empty Shopping Mall — Moonlit Fog,"Empty Shopping Mall, a silent multi-level shopping mall after permanent closure, dead escalators, shuttered stores, dry fountain and skylight shadows, under moonlight and drifting fog, strong silhouettes, readable environmental detail, controlled contrast and a quiet supernatural atmosphere, no people present, environment-first composition, highly detailed architecture and surfaces, coherent spatial layout, cinematic depth, polished colour separation, subtle volumetric atmosphere, realistic materials, professional horror production design","people as main subject, visible monster as main subject, graphic gore, modern clutter that contradicts the setting, bright cheerful mood, flat lighting, malformed architecture, impossible perspective, duplicated doors, floating objects, warped signage, invented readable text, watermark, logo, low detail, blur",Original Cinematic Horror,1.0,False
0011 | Original Cinematic Horror/Empty Shopping Mall — Storm Night,"Empty Shopping Mall, a silent multi-level shopping mall after permanent closure, dead escalators, shuttered stores, dry fountain and skylight shadows, during a stormy night, rain or wind appropriate to the setting, intermittent practical light, reflective surfaces and cinematic tension without visible characters, no people present, environment-first composition, highly detailed architecture and surfaces, coherent spatial layout, cinematic depth, polished colour separation, subtle volumetric atmosphere, realistic materials, professional horror production design","people as main subject, visible monster as main subject, graphic gore, modern clutter that contradicts the setting, bright cheerful mood, flat lighting, malformed architecture, impossible perspective, duplicated doors, floating objects, warped signage, invented readable text, watermark, logo, low detail, blur",Original Cinematic Horror,1.0,False
0012 | Original Cinematic Horror/Empty Shopping Mall — Abandoned Daylight,"Empty Shopping Mall, a silent multi-level shopping mall after permanent closure, dead escalators, shuttered stores, dry fountain and skylight shadows, in pale overcast daylight, abandonment clearly visible, authentic wear and material detail, long empty sightlines and unsettling realism rather than darkness alone, no people present, environment-first composition, highly detailed architecture and surfaces, coherent spatial layout, cinematic depth, polished colour separation, subtle volumetric atmosphere, realistic materials, professional horror production design","people as main subject, visible monster as main subject, graphic gore, modern clutter that contradicts the setting, bright cheerful mood, flat lighting, malformed architecture, impossible perspective, duplicated doors, floating objects, warped signage, invented readable text, watermark, logo, low detail, blur",Original Cinematic Horror,1.0,False
0013 | Original Cinematic Horror/Condemned Secondary School — Blue Hour,"Condemned Secondary School, an abandoned school with long locker corridors, science lab, auditorium and handwritten notices left behind, at blue hour, cool exterior ambience, small warm practical lights, layered depth, precise production design and a polished widescreen horror establishing shot, no people present, environment-first composition, highly detailed architecture and surfaces, coherent spatial layout, cinematic depth, polished colour separation, subtle volumetric atmosphere, realistic materials, professional horror production design","people as main subject, visible monster as main subject, graphic gore, modern clutter that contradicts the setting, bright cheerful mood, flat lighting, malformed architecture, impossible perspective, duplicated doors, floating objects, warped signage, invented readable text, watermark, logo, low detail, blur",Original Cinematic Horror,1.0,False
0014 | Original Cinematic Horror/Condemned Secondary School — Moonlit Fog,"Condemned Secondary School, an abandoned school with long locker corridors, science lab, auditorium and handwritten notices left behind, under moonlight and drifting fog, strong silhouettes, readable environmental detail, controlled contrast and a quiet supernatural atmosphere, no people present, environment-first composition, highly detailed architecture and surfaces, coherent spatial layout, cinematic depth, polished colour separation, subtle volumetric atmosphere, realistic materials, professional horror production design","people as main subject, visible monster as main subject, graphic gore, modern clutter that contradicts the setting, bright cheerful mood, flat lighting, malformed architecture, impossible perspective, duplicated doors, floating objects, warped signage, invented readable text, watermark, logo, low detail, blur",Original Cinematic Horror,1.0,False
0015 | Original Cinematic Horror/Condemned Secondary School — Storm Night,"Condemned Secondary School, an abandoned school with long locker corridors, science lab, auditorium and handwritten notices left behind, during a stormy night, rain or wind appropriate to the setting, intermittent practical light, reflective surfaces and cinematic tension without visible characters, no people present, environment-first composition, highly detailed architecture and surfaces, coherent spatial layout, cinematic depth, polished colour separation, subtle volumetric atmosphere, realistic materials, professional horror production design","people as main subject, visible monster as main subject, graphic gore, modern clutter that contradicts the setting, bright cheerful mood, flat lighting, malformed architecture, impossible perspective, duplicated doors, floating objects, warped signage, invented readable text, watermark, logo, low detail, blur",Original Cinematic Horror,1.0,False
0016 | Original Cinematic Horror/Condemned Secondary School — Abandoned Daylight,"Condemned Secondary School, an abandoned school with long locker corridors, science lab, auditorium and handwritten notices left behind, in pale overcast daylight, abandonment clearly visible, authentic wear and material detail, long empty sightlines and unsettling realism rather than darkness alone, no people present, environment-first composition, highly detailed architecture and surfaces, coherent spatial layout, cinematic depth, polished colour separation, subtle volumetric atmosphere, realistic materials, professional horror production design","people as main subject, visible monster as main subject, graphic gore, modern clutter that contradicts the setting, bright cheerful mood, flat lighting, malformed architecture, impossible perspective, duplicated doors, floating objects, warped signage, invented readable text, watermark, logo, low detail, blur",Original Cinematic Horror,1.0,False
0017 | Original Cinematic Horror/Flooded Underground Station — Blue Hour,"Flooded Underground Station, a submerged subway platform, tiled tunnel, stalled train, floating debris and emergency lights reflected in black water, at blue hour, cool exterior ambience, small warm practical lights, layered depth, precise production design and a polished widescreen horror establishing shot, no people present, environment-first composition, highly detailed architecture and surfaces, coherent spatial layout, cinematic depth, polished colour separation, subtle volumetric atmosphere, realistic materials, professional horror production design","people as main subject, visible monster as main subject, graphic gore, modern clutter that contradicts the setting, bright cheerful mood, flat lighting, malformed architecture, impossible perspective, duplicated doors, floating objects, warped signage, invented readable text, watermark, logo, low detail, blur",Original Cinematic Horror,1.0,False
0018 | Original Cinematic Horror/Flooded Underground Station — Moonlit Fog,"Flooded Underground Station, a submerged subway platform, tiled tunnel, stalled train, floating debris and emergency lights reflected in black water, under moonlight and drifting fog, strong silhouettes, readable environmental detail, controlled contrast and a quiet supernatural atmosphere, no people present, environment-first composition, highly detailed architecture and surfaces, coherent spatial layout, cinematic depth, polished colour separation, subtle volumetric atmosphere, realistic materials, professional horror production design","people as main subject, visible monster as main subject, graphic gore, modern clutter that contradicts the setting, bright cheerful mood, flat lighting, malformed architecture, impossible perspective, duplicated doors, floating objects, warped signage, invented readable text, watermark, logo, low detail, blur",Original Cinematic Horror,1.0,False
0019 | Original Cinematic Horror/Flooded Underground Station — Storm Night,"Flooded Underground Station, a submerged subway platform, tiled tunnel, stalled train, floating debris and emergency lights reflected in black water, during a stormy night, rain or wind appropriate to the setting, intermittent practical light, reflective surfaces and cinematic tension without visible characters, no people present, environment-first composition, highly detailed architecture and surfaces, coherent spatial layout, cinematic depth, polished colour separation, subtle volumetric atmosphere, realistic materials, professional horror production design","people as main subject, visible monster as main subject, graphic gore, modern clutter that contradicts the setting, bright cheerful mood, flat lighting, malformed architecture, impossible perspective, duplicated doors, floating objects, warped signage, invented readable text, watermark, logo, low detail, blur",Original Cinematic Horror,1.0,False
0020 | Original Cinematic Horror/Flooded Underground Station — Abandoned Daylight,"Flooded Underground Station, a submerged subway platform, tiled tunnel, stalled train, floating debris and emergency lights reflected in black water, in pale overcast daylight, abandonment clearly visible, authentic wear and material detail, long empty sightlines and unsettling realism rather than darkness alone, no people present, environment-first composition, highly detailed architecture and surfaces, coherent spatial layout, cinematic depth, polished colour separation, subtle volumetric atmosphere, realistic materials, professional horror production design","people as main subject, visible monster as main subject, graphic gore, modern clutter that contradicts the setting, bright cheerful mood, flat lighting, malformed architecture, impossible perspective, duplicated doors, floating objects, warped signage, invented readable text, watermark, logo, low detail, blur",Original Cinematic Horror,1.0,False
0021 | Original Cinematic Horror/Fogbound Cemetery — Blue Hour,"Fogbound Cemetery, an old cemetery with crooked headstones, family crypts, iron fencing, bare trees and layered ground fog, at blue hour, cool exterior ambience, small warm practical lights, layered depth, precise production design and a polished widescreen horror establishing shot, no people present, environment-first composition, highly detailed architecture and surfaces, coherent spatial layout, cinematic depth, polished colour separation, subtle volumetric atmosphere, realistic materials, professional horror production design","people as main subject, visible monster as main subject, graphic gore, modern clutter that contradicts the setting, bright cheerful mood, flat lighting, malformed architecture, impossible perspective, duplicated doors, floating objects, warped signage, invented readable text, watermark, logo, low detail, blur",Original Cinematic Horror,1.0,False
0022 | Original Cinematic Horror/Fogbound Cemetery — Moonlit Fog,"Fogbound Cemetery, an old cemetery with crooked headstones, family crypts, iron fencing, bare trees and layered ground fog, under moonlight and drifting fog, strong silhouettes, readable environmental detail, controlled contrast and a quiet supernatural atmosphere, no people present, environment-first composition, highly detailed architecture and surfaces, coherent spatial layout, cinematic depth, polished colour separation, subtle volumetric atmosphere, realistic materials, professional horror production design","people as main subject, visible monster as main subject, graphic gore, modern clutter that contradicts the setting, bright cheerful mood, flat lighting, malformed architecture, impossible perspective, duplicated doors, floating objects, warped signage, invented readable text, watermark, logo, low detail, blur",Original Cinematic Horror,1.0,False
0023 | Original Cinematic Horror/Fogbound Cemetery — Storm Night,"Fogbound Cemetery, an old cemetery with crooked headstones, family crypts, iron fencing, bare trees and layered ground fog, during a stormy night, rain or wind appropriate to the setting, intermittent practical light, reflective surfaces and cinematic tension without visible characters, no people present, environment-first composition, highly detailed architecture and surfaces, coherent spatial layout, cinematic depth, polished colour separation, subtle volumetric atmosphere, realistic materials, professional horror production design","people as main subject, visible monster as main subject, graphic gore, modern clutter that contradicts the setting, bright cheerful mood, flat lighting, malformed architecture, impossible perspective, duplicated doors, floating objects, warped signage, invented readable text, watermark, logo, low detail, blur",Original Cinematic Horror,1.0,False
0024 | Original Cinematic Horror/Fogbound Cemetery — Abandoned Daylight,"Fogbound Cemetery, an old cemetery with crooked headstones, family crypts, iron fencing, bare trees and layered ground fog, in pale overcast daylight, abandonment clearly visible, authentic wear and material detail, long empty sightlines and unsettling realism rather than darkness alone, no people present, environment-first composition, highly detailed architecture and surfaces, coherent spatial layout, cinematic depth, polished colour separation, subtle volumetric atmosphere, realistic materials, professional horror production design","people as main subject, visible monster as main subject, graphic gore, modern clutter that contradicts the setting, bright cheerful mood, flat lighting, malformed architecture, impossible perspective, duplicated doors, floating objects, warped signage, invented readable text, watermark, logo, low detail, blur",Original Cinematic Horror,1.0,False
0025 | Original Cinematic Horror/Ruined Gothic Cathedral — Blue Hour,"Ruined Gothic Cathedral, a roofless gothic cathedral, broken rose window, flooded nave, fallen statues and moonlight through flying buttresses, at blue hour, cool exterior ambience, small warm practical lights, layered depth, precise production design and a polished widescreen horror establishing shot, no people present, environment-first composition, highly detailed architecture and surfaces, coherent spatial layout, cinematic depth, polished colour separation, subtle volumetric atmosphere, realistic materials, professional horror production design","people as main subject, visible monster as main subject, graphic gore, modern clutter that contradicts the setting, bright cheerful mood, flat lighting, malformed architecture, impossible perspective, duplicated doors, floating objects, warped signage, invented readable text, watermark, logo, low detail, blur",Original Cinematic Horror,1.0,False
0026 | Original Cinematic Horror/Ruined Gothic Cathedral — Moonlit Fog,"Ruined Gothic Cathedral, a roofless gothic cathedral, broken rose window, flooded nave, fallen statues and moonlight through flying buttresses, under moonlight and drifting fog, strong silhouettes, readable environmental detail, controlled contrast and a quiet supernatural atmosphere, no people present, environment-first composition, highly detailed architecture and surfaces, coherent spatial layout, cinematic depth, polished colour separation, subtle volumetric atmosphere, realistic materials, professional horror production design","people as main subject, visible monster as main subject, graphic gore, modern clutter that contradicts the setting, bright cheerful mood, flat lighting, malformed architecture, impossible perspective, duplicated doors, floating objects, warped signage, invented readable text, watermark, logo, low detail, blur",Original Cinematic Horror,1.0,False
0027 | Original Cinematic Horror/Ruined Gothic Cathedral — Storm Night,"Ruined Gothic Cathedral, a roofless gothic cathedral, broken rose window, flooded nave, fallen statues and moonlight through flying buttresses, during a stormy night, rain or wind appropriate to the setting, intermittent practical light, reflective surfaces and cinematic tension without visible characters, no people present, environment-first composition, highly detailed architecture and surfaces, coherent spatial layout, cinematic depth, polished colour separation, subtle volumetric atmosphere, realistic materials, professional horror production design","people as main subject, visible monster as main subject, graphic gore, modern clutter that contradicts the setting, bright cheerful mood, flat lighting, malformed architecture, impossible perspective, duplicated doors, floating objects, warped signage, invented readable text, watermark, logo, low detail, blur",Original Cinematic Horror,1.0,False
0028 | Original Cinematic Horror/Ruined Gothic Cathedral — Abandoned Daylight,"Ruined Gothic Cathedral, a roofless gothic cathedral, broken rose window, flooded nave, fallen statues and moonlight through flying buttresses, in pale overcast daylight, abandonment clearly visible, authentic wear and material detail, long empty sightlines and unsettling realism rather than darkness alone, no people present, environment-first composition, highly detailed architecture and surfaces, coherent spatial layout, cinematic depth, polished colour separation, subtle volumetric atmosphere, realistic materials, professional horror production design","people as main subject, visible monster as main subject, graphic gore, modern clutter that contradicts the setting, bright cheerful mood, flat lighting, malformed architecture, impossible perspective, duplicated doors, floating objects, warped signage, invented readable text, watermark, logo, low detail, blur",Original Cinematic Horror,1.0,False
0029 | Original Cinematic Horror/Occult Chapel — Blue Hour,"Occult Chapel, a remote stone chapel with blackened altar, candle circles, carved floor symbols and boarded stained glass, at blue hour, cool exterior ambience, small warm practical lights, layered depth, precise production design and a polished widescreen horror establishing shot, no people present, environment-first composition, highly detailed architecture and surfaces, coherent spatial layout, cinematic depth, polished colour separation, subtle volumetric atmosphere, realistic materials, professional horror production design","people as main subject, visible monster as main subject, graphic gore, modern clutter that contradicts the setting, bright cheerful mood, flat lighting, malformed architecture, impossible perspective, duplicated doors, floating objects, warped signage, invented readable text, watermark, logo, low detail, blur",Original Cinematic Horror,1.0,False
0030 | Original Cinematic Horror/Occult Chapel — Moonlit Fog,"Occult Chapel, a remote stone chapel with blackened altar, candle circles, carved floor symbols and boarded stained glass, under moonlight and drifting fog, strong silhouettes, readable environmental detail, controlled contrast and a quiet supernatural atmosphere, no people present, environment-first composition, highly detailed architecture and surfaces, coherent spatial layout, cinematic depth, polished colour separation, subtle volumetric atmosphere, realistic materials, professional horror production design","people as main subject, visible monster as main subject, graphic gore, modern clutter that contradicts the setting, bright cheerful mood, flat lighting, malformed architecture, impossible perspective, duplicated doors, floating objects, warped signage, invented readable text, watermark, logo, low detail, blur",Original Cinematic Horror,1.0,False
0031 | Original Cinematic Horror/Occult Chapel — Storm Night,"Occult Chapel, a remote stone chapel with blackened altar, candle circles, carved floor symbols and boarded stained glass, during a stormy night, rain or wind appropriate to the setting, intermittent practical light, reflective surfaces and cinematic tension without visible characters, no people present, environment-first composition, highly detailed architecture and surfaces, coherent spatial layout, cinematic depth, polished colour separation, subtle volumetric atmosphere, realistic materials, professional horror production design","people as main subject, visible monster as main subject, graphic gore, modern clutter that contradicts the setting, bright cheerful mood, flat lighting, malformed architecture, impossible perspective, duplicated doors, floating objects, warped signage, invented readable text, watermark, logo, low detail, blur",Original Cinematic Horror,1.0,False
0032 | Original Cinematic Horror/Occult Chapel — Abandoned Daylight,"Occult Chapel, a remote stone chapel with blackened altar, candle circles, carved floor symbols and boarded stained glass, in pale overcast daylight, abandonment clearly visible, authentic wear and material detail, long empty sightlines and unsettling realism rather than darkness alone, no people present, environment-first composition, highly detailed architecture and surfaces, coherent spatial layout, cinematic depth, polished colour separation, subtle volumetric atmosphere, realistic materials, professional horror production design","people as main subject, visible monster as main subject, graphic gore, modern clutter that contradicts the setting, bright cheerful mood, flat lighting, malformed architecture, impossible perspective, duplicated doors, floating objects, warped signage, invented readable text, watermark, logo, low detail, blur",Original Cinematic Horror,1.0,False
0033 | Original Cinematic Horror/Haunted Victorian Manor — Blue Hour,"Haunted Victorian Manor, a grand but decaying Victorian mansion with carved staircase, dark conservatory, portrait gallery and sealed nursery, at blue hour, cool exterior ambience, small warm practical lights, layered depth, precise production design and a polished widescreen horror establishing shot, no people present, environment-first composition, highly detailed architecture and surfaces, coherent spatial layout, cinematic depth, polished colour separation, subtle volumetric atmosphere, realistic materials, professional horror production design","people as main subject, visible monster as main subject, graphic gore, modern clutter that contradicts the setting, bright cheerful mood, flat lighting, malformed architecture, impossible perspective, duplicated doors, floating objects, warped signage, invented readable text, watermark, logo, low detail, blur",Original Cinematic Horror,1.0,False
0034 | Original Cinematic Horror/Haunted Victorian Manor — Moonlit Fog,"Haunted Victorian Manor, a grand but decaying Victorian mansion with carved staircase, dark conservatory, portrait gallery and sealed nursery, under moonlight and drifting fog, strong silhouettes, readable environmental detail, controlled contrast and a quiet supernatural atmosphere, no people present, environment-first composition, highly detailed architecture and surfaces, coherent spatial layout, cinematic depth, polished colour separation, subtle volumetric atmosphere, realistic materials, professional horror production design","people as main subject, visible monster as main subject, graphic gore, modern clutter that contradicts the setting, bright cheerful mood, flat lighting, malformed architecture, impossible perspective, duplicated doors, floating objects, warped signage, invented readable text, watermark, logo, low detail, blur",Original Cinematic Horror,1.0,False
0035 | Original Cinematic Horror/Haunted Victorian Manor — Storm Night,"Haunted Victorian Manor, a grand but decaying Victorian mansion with carved staircase, dark conservatory, portrait gallery and sealed nursery, during a stormy night, rain or wind appropriate to the setting, intermittent practical light, reflective surfaces and cinematic tension without visible characters, no people present, environment-first composition, highly detailed architecture and surfaces, coherent spatial layout, cinematic depth, polished colour separation, subtle volumetric atmosphere, realistic materials, professional horror production design","people as main subject, visible monster as main subject, graphic gore, modern clutter that contradicts the setting, bright cheerful mood, flat lighting, malformed architecture, impossible perspective, duplicated doors, floating objects, warped signage, invented readable text, watermark, logo, low detail, blur",Original Cinematic Horror,1.0,False
0036 | Original Cinematic Horror/Haunted Victorian Manor — Abandoned Daylight,"Haunted Victorian Manor, a grand but decaying Victorian mansion with carved staircase, dark conservatory, portrait gallery and sealed nursery, in pale overcast daylight, abandonment clearly visible, authentic wear and material detail, long empty sightlines and unsettling realism rather than darkness alone, no people present, environment-first composition, highly detailed architecture and surfaces, coherent spatial layout, cinematic depth, polished colour separation, subtle volumetric atmosphere, realistic materials, professional horror production design","people as main subject, visible monster as main subject, graphic gore, modern clutter that contradicts the setting, bright cheerful mood, flat lighting, malformed architecture, impossible perspective, duplicated doors, floating objects, warped signage, invented readable text, watermark, logo, low detail, blur",Original Cinematic Horror,1.0,False
0037 | Original Cinematic Horror/Boarded Rural Farmhouse — Blue Hour,"Boarded Rural Farmhouse, a weather-beaten farmhouse with sagging porch, root cellar, empty barn and cornfield pressing close to the house, at blue hour, cool exterior ambience, small warm practical lights, layered depth, precise production design and a polished widescreen horror establishing shot, no people present, environment-first composition, highly detailed architecture and surfaces, coherent spatial layout, cinematic depth, polished colour separation, subtle volumetric atmosphere, realistic materials, professional horror production design","people as main subject, visible monster as main subject, graphic gore, modern clutter that contradicts the setting, bright cheerful mood, flat lighting, malformed architecture, impossible perspective, duplicated doors, floating objects, warped signage, invented readable text, watermark, logo, low detail, blur",Original Cinematic Horror,1.0,False
0038 | Original Cinematic Horror/Boarded Rural Farmhouse — Moonlit Fog,"Boarded Rural Farmhouse, a weather-beaten farmhouse with sagging porch, root cellar, empty barn and cornfield pressing close to the house, under moonlight and drifting fog, strong silhouettes, readable environmental detail, controlled contrast and a quiet supernatural atmosphere, no people present, environment-first composition, highly detailed architecture and surfaces, coherent spatial layout, cinematic depth, polished colour separation, subtle volumetric atmosphere, realistic materials, professional horror production design","people as main subject, visible monster as main subject, graphic gore, modern clutter that contradicts the setting, bright cheerful mood, flat lighting, malformed architecture, impossible perspective, duplicated doors, floating objects, warped signage, invented readable text, watermark, logo, low detail, blur",Original Cinematic Horror,1.0,False
0039 | Original Cinematic Horror/Boarded Rural Farmhouse — Storm Night,"Boarded Rural Farmhouse, a weather-beaten farmhouse with sagging porch, root cellar, empty barn and cornfield pressing close to the house, during a stormy night, rain or wind appropriate to the setting, intermittent practical light, reflective surfaces and cinematic tension without visible characters, no people present, environment-first composition, highly detailed architecture and surfaces, coherent spatial layout, cinematic depth, polished colour separation, subtle volumetric atmosphere, realistic materials, professional horror production design","people as main subject, visible monster as main subject, graphic gore, modern clutter that contradicts the setting, bright cheerful mood, flat lighting, malformed architecture, impossible perspective, duplicated doors, floating objects, warped signage, invented readable text, watermark, logo, low detail, blur",Original Cinematic Horror,1.0,False
0040 | Original Cinematic Horror/Boarded Rural Farmhouse — Abandoned Daylight,"Boarded Rural Farmhouse, a weather-beaten farmhouse with sagging porch, root cellar, empty barn and cornfield pressing close to the house, in pale overcast daylight, abandonment clearly visible, authentic wear and material detail, long empty sightlines and unsettling realism rather than darkness alone, no people present, environment-first composition, highly detailed architecture and surfaces, coherent spatial layout, cinematic depth, polished colour separation, subtle volumetric atmosphere, realistic materials, professional horror production design","people as main subject, visible monster as main subject, graphic gore, modern clutter that contradicts the setting, bright cheerful mood, flat lighting, malformed architecture, impossible perspective, duplicated doors, floating objects, warped signage, invented readable text, watermark, logo, low detail, blur",Original Cinematic Horror,1.0,False
0041 | Original Cinematic Horror/Decaying Seaside Hotel — Blue Hour,"Decaying Seaside Hotel, an abandoned coastal hotel with salt-stained ballroom, long carpeted corridors, broken lifts and waves below the windows, at blue hour, cool exterior ambience, small warm practical lights, layered depth, precise production design and a polished widescreen horror establishing shot, no people present, environment-first composition, highly detailed architecture and surfaces, coherent spatial layout, cinematic depth, polished colour separation, subtle volumetric atmosphere, realistic materials, professional horror production design","people as main subject, visible monster as main subject, graphic gore, modern clutter that contradicts the setting, bright cheerful mood, flat lighting, malformed architecture, impossible perspective, duplicated doors, floating objects, warped signage, invented readable text, watermark, logo, low detail, blur",Original Cinematic Horror,1.0,False
0042 | Original Cinematic Horror/Decaying Seaside Hotel — Moonlit Fog,"Decaying Seaside Hotel, an abandoned coastal hotel with salt-stained ballroom, long carpeted corridors, broken lifts and waves below the windows, under moonlight and drifting fog, strong silhouettes, readable environmental detail, controlled contrast and a quiet supernatural atmosphere, no people present, environment-first composition, highly detailed architecture and surfaces, coherent spatial layout, cinematic depth, polished colour separation, subtle volumetric atmosphere, realistic materials, professional horror production design","people as main subject, visible monster as main subject, graphic gore, modern clutter that contradicts the setting, bright cheerful mood, flat lighting, malformed architecture, impossible perspective, duplicated doors, floating objects, warped signage, invented readable text, watermark, logo, low detail, blur",Original Cinematic Horror,1.0,False
0043 | Original Cinematic Horror/Decaying Seaside Hotel — Storm Night,"Decaying Seaside Hotel, an abandoned coastal hotel with salt-stained ballroom, long carpeted corridors, broken lifts and waves below the windows, during a stormy night, rain or wind appropriate to the setting, intermittent practical light, reflective surfaces and cinematic tension without visible characters, no people present, environment-first composition, highly detailed architecture and surfaces, coherent spatial layout, cinematic depth, polished colour separation, subtle volumetric atmosphere, realistic materials, professional horror production design","people as main subject, visible monster as main subject, graphic gore, modern clutter that contradicts the setting, bright cheerful mood, flat lighting, malformed architecture, impossible perspective, duplicated doors, floating objects, warped signage, invented readable text, watermark, logo, low detail, blur",Original Cinematic Horror,1.0,False
0044 | Original Cinematic Horror/Decaying Seaside Hotel — Abandoned Daylight,"Decaying Seaside Hotel, an abandoned coastal hotel with salt-stained ballroom, long carpeted corridors, broken lifts and waves below the windows, in pale overcast daylight, abandonment clearly visible, authentic wear and material detail, long empty sightlines and unsettling realism rather than darkness alone, no people present, environment-first composition, highly detailed architecture and surfaces, coherent spatial layout, cinematic depth, polished colour separation, subtle volumetric atmosphere, realistic materials, professional horror production design","people as main subject, visible monster as main subject, graphic gore, modern clutter that contradicts the setting, bright cheerful mood, flat lighting, malformed architecture, impossible perspective, duplicated doors, floating objects, warped signage, invented readable text, watermark, logo, low detail, blur",Original Cinematic Horror,1.0,False
0045 | Original Cinematic Horror/Abandoned Carnival Midway — Blue Hour,"Abandoned Carnival Midway, a neglected travelling carnival with stalled rides, striped booths, wet midway, torn banners and dead bulbs, at blue hour, cool exterior ambience, small warm practical lights, layered depth, precise production design and a polished widescreen horror establishing shot, no people present, environment-first composition, highly detailed architecture and surfaces, coherent spatial layout, cinematic depth, polished colour separation, subtle volumetric atmosphere, realistic materials, professional horror production design","people as main subject, visible monster as main subject, graphic gore, modern clutter that contradicts the setting, bright cheerful mood, flat lighting, malformed architecture, impossible perspective, duplicated doors, floating objects, warped signage, invented readable text, watermark, logo, low detail, blur",Original Cinematic Horror,1.0,False
0046 | Original Cinematic Horror/Abandoned Carnival Midway — Moonlit Fog,"Abandoned Carnival Midway, a neglected travelling carnival with stalled rides, striped booths, wet midway, torn banners and dead bulbs, under moonlight and drifting fog, strong silhouettes, readable environmental detail, controlled contrast and a quiet supernatural atmosphere, no people present, environment-first composition, highly detailed architecture and surfaces, coherent spatial layout, cinematic depth, polished colour separation, subtle volumetric atmosphere, realistic materials, professional horror production design","people as main subject, visible monster as main subject, graphic gore, modern clutter that contradicts the setting, bright cheerful mood, flat lighting, malformed architecture, impossible perspective, duplicated doors, floating objects, warped signage, invented readable text, watermark, logo, low detail, blur",Original Cinematic Horror,1.0,False
0047 | Original Cinematic Horror/Abandoned Carnival Midway — Storm Night,"Abandoned Carnival Midway, a neglected travelling carnival with stalled rides, striped booths, wet midway, torn banners and dead bulbs, during a stormy night, rain or wind appropriate to the setting, intermittent practical light, reflective surfaces and cinematic tension without visible characters, no people present, environment-first composition, highly detailed architecture and surfaces, coherent spatial layout, cinematic depth, polished colour separation, subtle volumetric atmosphere, realistic materials, professional horror production design","people as main subject, visible monster as main subject, graphic gore, modern clutter that contradicts the setting, bright cheerful mood, flat lighting, malformed architecture, impossible perspective, duplicated doors, floating objects, warped signage, invented readable text, watermark, logo, low detail, blur",Original Cinematic Horror,1.0,False
0048 | Original Cinematic Horror/Abandoned Carnival Midway — Abandoned Daylight,"Abandoned Carnival Midway, a neglected travelling carnival with stalled rides, striped booths, wet midway, torn banners and dead bulbs, in pale overcast daylight, abandonment clearly visible, authentic wear and material detail, long empty sightlines and unsettling realism rather than darkness alone, no people present, environment-first composition, highly detailed architecture and surfaces, coherent spatial layout, cinematic depth, polished colour separation, subtle volumetric atmosphere, realistic materials, professional horror production design","people as main subject, visible monster as main subject, graphic gore, modern clutter that contradicts the setting, bright cheerful mood, flat lighting, malformed architecture, impossible perspective, duplicated doors, floating objects, warped signage, invented readable text, watermark, logo, low detail, blur",Original Cinematic Horror,1.0,False
0049 | Original Cinematic Horror/Dark Funhouse — Blue Hour,"Dark Funhouse, a carnival funhouse interior with warped mirrors, rotating tunnel, painted faces and narrow service passages, at blue hour, cool exterior ambience, small warm practical lights, layered depth, precise production design and a polished widescreen horror establishing shot, no people present, environment-first composition, highly detailed architecture and surfaces, coherent spatial layout, cinematic depth, polished colour separation, subtle volumetric atmosphere, realistic materials, professional horror production design","people as main subject, visible monster as main subject, graphic gore, modern clutter that contradicts the setting, bright cheerful mood, flat lighting, malformed architecture, impossible perspective, duplicated doors, floating objects, warped signage, invented readable text, watermark, logo, low detail, blur",Original Cinematic Horror,1.0,False
0050 | Original Cinematic Horror/Dark Funhouse — Moonlit Fog,"Dark Funhouse, a carnival funhouse interior with warped mirrors, rotating tunnel, painted faces and narrow service passages, under moonlight and drifting fog, strong silhouettes, readable environmental detail, controlled contrast and a quiet supernatural atmosphere, no people present, environment-first composition, highly detailed architecture and surfaces, coherent spatial layout, cinematic depth, polished colour separation, subtle volumetric atmosphere, realistic materials, professional horror production design","people as main subject, visible monster as main subject, graphic gore, modern clutter that contradicts the setting, bright cheerful mood, flat lighting, malformed architecture, impossible perspective, duplicated doors, floating objects, warped signage, invented readable text, watermark, logo, low detail, blur",Original Cinematic Horror,1.0,False
0051 | Original Cinematic Horror/Dark Funhouse — Storm Night,"Dark Funhouse, a carnival funhouse interior with warped mirrors, rotating tunnel, painted faces and narrow service passages, during a stormy night, rain or wind appropriate to the setting, intermittent practical light, reflective surfaces and cinematic tension without visible characters, no people present, environment-first composition, highly detailed architecture and surfaces, coherent spatial layout, cinematic depth, polished colour separation, subtle volumetric atmosphere, realistic materials, professional horror production design","people as main subject, visible monster as main subject, graphic gore, modern clutter that contradicts the setting, bright cheerful mood, flat lighting, malformed architecture, impossible perspective, duplicated doors, floating objects, warped signage, invented readable text, watermark, logo, low detail, blur",Original Cinematic Horror,1.0,False
0052 | Original Cinematic Horror/Dark Funhouse — Abandoned Daylight,"Dark Funhouse, a carnival funhouse interior with warped mirrors, rotating tunnel, painted faces and narrow service passages, in pale overcast daylight, abandonment clearly visible, authentic wear and material detail, long empty sightlines and unsettling realism rather than darkness alone, no people present, environment-first composition, highly detailed architecture and surfaces, coherent spatial layout, cinematic depth, polished colour separation, subtle volumetric atmosphere, realistic materials, professional horror production design","people as main subject, visible monster as main subject, graphic gore, modern clutter that contradicts the setting, bright cheerful mood, flat lighting, malformed architecture, impossible perspective, duplicated doors, floating objects, warped signage, invented readable text, watermark, logo, low detail, blur",Original Cinematic Horror,1.0,False
0053 | Original Cinematic Horror/Silent Theme Park — Blue Hour,"Silent Theme Park, a deserted amusement park with motionless roller coaster, empty carousel, shuttered arcades and weeds through concrete, at blue hour, cool exterior ambience, small warm practical lights, layered depth, precise production design and a polished widescreen horror establishing shot, no people present, environment-first composition, highly detailed architecture and surfaces, coherent spatial layout, cinematic depth, polished colour separation, subtle volumetric atmosphere, realistic materials, professional horror production design","people as main subject, visible monster as main subject, graphic gore, modern clutter that contradicts the setting, bright cheerful mood, flat lighting, malformed architecture, impossible perspective, duplicated doors, floating objects, warped signage, invented readable text, watermark, logo, low detail, blur",Original Cinematic Horror,1.0,False
0054 | Original Cinematic Horror/Silent Theme Park — Moonlit Fog,"Silent Theme Park, a deserted amusement park with motionless roller coaster, empty carousel, shuttered arcades and weeds through concrete, under moonlight and drifting fog, strong silhouettes, readable environmental detail, controlled contrast and a quiet supernatural atmosphere, no people present, environment-first composition, highly detailed architecture and surfaces, coherent spatial layout, cinematic depth, polished colour separation, subtle volumetric atmosphere, realistic materials, professional horror production design","people as main subject, visible monster as main subject, graphic gore, modern clutter that contradicts the setting, bright cheerful mood, flat lighting, malformed architecture, impossible perspective, duplicated doors, floating objects, warped signage, invented readable text, watermark, logo, low detail, blur",Original Cinematic Horror,1.0,False
0055 | Original Cinematic Horror/Silent Theme Park — Storm Night,"Silent Theme Park, a deserted amusement park with motionless roller coaster, empty carousel, shuttered arcades and weeds through concrete, during a stormy night, rain or wind appropriate to the setting, intermittent practical light, reflective surfaces and cinematic tension without visible characters, no people present, environment-first composition, highly detailed architecture and surfaces, coherent spatial layout, cinematic depth, polished colour separation, subtle volumetric atmosphere, realistic materials, professional horror production design","people as main subject, visible monster as main subject, graphic gore, modern clutter that contradicts the setting, bright cheerful mood, flat lighting, malformed architecture, impossible perspective, duplicated doors, floating objects, warped signage, invented readable text, watermark, logo, low detail, blur",Original Cinematic Horror,1.0,False
0056 | Original Cinematic Horror/Silent Theme Park — Abandoned Daylight,"Silent Theme Park, a deserted amusement park with motionless roller coaster, empty carousel, shuttered arcades and weeds through concrete, in pale overcast daylight, abandonment clearly visible, authentic wear and material detail, long empty sightlines and unsettling realism rather than darkness alone, no people present, environment-first composition, highly detailed architecture and surfaces, coherent spatial layout, cinematic depth, polished colour separation, subtle volumetric atmosphere, realistic materials, professional horror production design","people as main subject, visible monster as main subject, graphic gore, modern clutter that contradicts the setting, bright cheerful mood, flat lighting, malformed architecture, impossible perspective, duplicated doors, floating objects, warped signage, invented readable text, watermark, logo, low detail, blur",Original Cinematic Horror,1.0,False
0057 | Seasonal Spooky/Pumpkin Farm After Closing — Blue Hour,"Pumpkin Farm After Closing, a New England pumpkin farm with empty wagons, barn shop, carved lanterns, muddy paths and fields under autumn trees, at blue hour, cool exterior ambience, small warm practical lights, layered depth, precise production design and a polished widescreen horror establishing shot, no people present, environment-first composition, highly detailed architecture and surfaces, coherent spatial layout, cinematic depth, polished colour separation, subtle volumetric atmosphere, realistic materials, professional horror production design","people as main subject, visible monster as main subject, graphic gore, modern clutter that contradicts the setting, bright cheerful mood, flat lighting, malformed architecture, impossible perspective, duplicated doors, floating objects, warped signage, invented readable text, watermark, logo, low detail, blur",Seasonal Spooky,1.0,False
0058 | Seasonal Spooky/Pumpkin Farm After Closing — Moonlit Fog,"Pumpkin Farm After Closing, a New England pumpkin farm with empty wagons, barn shop, carved lanterns, muddy paths and fields under autumn trees, under moonlight and drifting fog, strong silhouettes, readable environmental detail, controlled contrast and a quiet supernatural atmosphere, no people present, environment-first composition, highly detailed architecture and surfaces, coherent spatial layout, cinematic depth, polished colour separation, subtle volumetric atmosphere, realistic materials, professional horror production design","people as main subject, visible monster as main subject, graphic gore, modern clutter that contradicts the setting, bright cheerful mood, flat lighting, malformed architecture, impossible perspective, duplicated doors, floating objects, warped signage, invented readable text, watermark, logo, low detail, blur",Seasonal Spooky,1.0,False
0059 | Seasonal Spooky/Pumpkin Farm After Closing — Storm Night,"Pumpkin Farm After Closing, a New England pumpkin farm with empty wagons, barn shop, carved lanterns, muddy paths and fields under autumn trees, during a stormy night, rain or wind appropriate to the setting, intermittent practical light, reflective surfaces and cinematic tension without visible characters, no people present, environment-first composition, highly detailed architecture and surfaces, coherent spatial layout, cinematic depth, polished colour separation, subtle volumetric atmosphere, realistic materials, professional horror production design","people as main subject, visible monster as main subject, graphic gore, modern clutter that contradicts the setting, bright cheerful mood, flat lighting, malformed architecture, impossible perspective, duplicated doors, floating objects, warped signage, invented readable text, watermark, logo, low detail, blur",Seasonal Spooky,1.0,False
0060 | Seasonal Spooky/Pumpkin Farm After Closing — Abandoned Daylight,"Pumpkin Farm After Closing, a New England pumpkin farm with empty wagons, barn shop, carved lanterns, muddy paths and fields under autumn trees, in pale overcast daylight, abandonment clearly visible, authentic wear and material detail, long empty sightlines and unsettling realism rather than darkness alone, no people present, environment-first composition, highly detailed architecture and surfaces, coherent spatial layout, cinematic depth, polished colour separation, subtle volumetric atmosphere, realistic materials, professional horror production design","people as main subject, visible monster as main subject, graphic gore, modern clutter that contradicts the setting, bright cheerful mood, flat lighting, malformed architecture, impossible perspective, duplicated doors, floating objects, warped signage, invented readable text, watermark, logo, low detail, blur",Seasonal Spooky,1.0,False
0061 | Seasonal Spooky/Night Corn Maze — Blue Hour,"Night Corn Maze, a dense corn maze at night, narrow paths, distant floodlight, torn directional signs and wind moving the stalks, at blue hour, cool exterior ambience, small warm practical lights, layered depth, precise production design and a polished widescreen horror establishing shot, no people present, environment-first composition, highly detailed architecture and surfaces, coherent spatial layout, cinematic depth, polished colour separation, subtle volumetric atmosphere, realistic materials, professional horror production design","people as main subject, visible monster as main subject, graphic gore, modern clutter that contradicts the setting, bright cheerful mood, flat lighting, malformed architecture, impossible perspective, duplicated doors, floating objects, warped signage, invented readable text, watermark, logo, low detail, blur",Seasonal Spooky,1.0,False
0062 | Seasonal Spooky/Night Corn Maze — Moonlit Fog,"Night Corn Maze, a dense corn maze at night, narrow paths, distant floodlight, torn directional signs and wind moving the stalks, under moonlight and drifting fog, strong silhouettes, readable environmental detail, controlled contrast and a quiet supernatural atmosphere, no people present, environment-first composition, highly detailed architecture and surfaces, coherent spatial layout, cinematic depth, polished colour separation, subtle volumetric atmosphere, realistic materials, professional horror production design","people as main subject, visible monster as main subject, graphic gore, modern clutter that contradicts the setting, bright cheerful mood, flat lighting, malformed architecture, impossible perspective, duplicated doors, floating objects, warped signage, invented readable text, watermark, logo, low detail, blur",Seasonal Spooky,1.0,False
0063 | Seasonal Spooky/Night Corn Maze — Storm Night,"Night Corn Maze, a dense corn maze at night, narrow paths, distant floodlight, torn directional signs and wind moving the stalks, during a stormy night, rain or wind appropriate to the setting, intermittent practical light, reflective surfaces and cinematic tension without visible characters, no people present, environment-first composition, highly detailed architecture and surfaces, coherent spatial layout, cinematic depth, polished colour separation, subtle volumetric atmosphere, realistic materials, professional horror production design","people as main subject, visible monster as main subject, graphic gore, modern clutter that contradicts the setting, bright cheerful mood, flat lighting, malformed architecture, impossible perspective, duplicated doors, floating objects, warped signage, invented readable text, watermark, logo, low detail, blur",Seasonal Spooky,1.0,False
0064 | Seasonal Spooky/Night Corn Maze — Abandoned Daylight,"Night Corn Maze, a dense corn maze at night, narrow paths, distant floodlight, torn directional signs and wind moving the stalks, in pale overcast daylight, abandonment clearly visible, authentic wear and material detail, long empty sightlines and unsettling realism rather than darkness alone, no people present, environment-first composition, highly detailed architecture and surfaces, coherent spatial layout, cinematic depth, polished colour separation, subtle volumetric atmosphere, realistic materials, professional horror production design","people as main subject, visible monster as main subject, graphic gore, modern clutter that contradicts the setting, bright cheerful mood, flat lighting, malformed architecture, impossible perspective, duplicated doors, floating objects, warped signage, invented readable text, watermark, logo, low detail, blur",Seasonal Spooky,1.0,False
0065 | Seasonal Spooky/Haunted Hayride Trail — Blue Hour,"Haunted Hayride Trail, a forest hayride route after closing, abandoned wagon, theatrical props, smoke machines and dark bends between trees, at blue hour, cool exterior ambience, small warm practical lights, layered depth, precise production design and a polished widescreen horror establishing shot, no people present, environment-first composition, highly detailed architecture and surfaces, coherent spatial layout, cinematic depth, polished colour separation, subtle volumetric atmosphere, realistic materials, professional horror production design","people as main subject, visible monster as main subject, graphic gore, modern clutter that contradicts the setting, bright cheerful mood, flat lighting, malformed architecture, impossible perspective, duplicated doors, floating objects, warped signage, invented readable text, watermark, logo, low detail, blur",Seasonal Spooky,1.0,False
0066 | Seasonal Spooky/Haunted Hayride Trail — Moonlit Fog,"Haunted Hayride Trail, a forest hayride route after closing, abandoned wagon, theatrical props, smoke machines and dark bends between trees, under moonlight and drifting fog, strong silhouettes, readable environmental detail, controlled contrast and a quiet supernatural atmosphere, no people present, environment-first composition, highly detailed architecture and surfaces, coherent spatial layout, cinematic depth, polished colour separation, subtle volumetric atmosphere, realistic materials, professional horror production design","people as main subject, visible monster as main subject, graphic gore, modern clutter that contradicts the setting, bright cheerful mood, flat lighting, malformed architecture, impossible perspective, duplicated doors, floating objects, warped signage, invented readable text, watermark, logo, low detail, blur",Seasonal Spooky,1.0,False
0067 | Seasonal Spooky/Haunted Hayride Trail — Storm Night,"Haunted Hayride Trail, a forest hayride route after closing, abandoned wagon, theatrical props, smoke machines and dark bends between trees, during a stormy night, rain or wind appropriate to the setting, intermittent practical light, reflective surfaces and cinematic tension without visible characters, no people present, environment-first composition, highly detailed architecture and surfaces, coherent spatial layout, cinematic depth, polished colour separation, subtle volumetric atmosphere, realistic materials, professional horror production design","people as main subject, visible monster as main subject, graphic gore, modern clutter that contradicts the setting, bright cheerful mood, flat lighting, malformed architecture, impossible perspective, duplicated doors, floating objects, warped signage, invented readable text, watermark, logo, low detail, blur",Seasonal Spooky,1.0,False
0068 | Seasonal Spooky/Haunted Hayride Trail — Abandoned Daylight,"Haunted Hayride Trail, a forest hayride route after closing, abandoned wagon, theatrical props, smoke machines and dark bends between trees, in pale overcast daylight, abandonment clearly visible, authentic wear and material detail, long empty sightlines and unsettling realism rather than darkness alone, no people present, environment-first composition, highly detailed architecture and surfaces, coherent spatial layout, cinematic depth, polished colour separation, subtle volumetric atmosphere, realistic materials, professional horror production design","people as main subject, visible monster as main subject, graphic gore, modern clutter that contradicts the setting, bright cheerful mood, flat lighting, malformed architecture, impossible perspective, duplicated doors, floating objects, warped signage, invented readable text, watermark, logo, low detail, blur",Seasonal Spooky,1.0,False
0069 | Original Cinematic Horror/Empty Drive-In Cinema — Blue Hour,"Empty Drive-In Cinema, an abandoned drive-in theatre with giant blank screen, rows of speaker posts, empty concession stand and foggy field, at blue hour, cool exterior ambience, small warm practical lights, layered depth, precise production design and a polished widescreen horror establishing shot, no people present, environment-first composition, highly detailed architecture and surfaces, coherent spatial layout, cinematic depth, polished colour separation, subtle volumetric atmosphere, realistic materials, professional horror production design","people as main subject, visible monster as main subject, graphic gore, modern clutter that contradicts the setting, bright cheerful mood, flat lighting, malformed architecture, impossible perspective, duplicated doors, floating objects, warped signage, invented readable text, watermark, logo, low detail, blur",Original Cinematic Horror,1.0,False
0070 | Original Cinematic Horror/Empty Drive-In Cinema — Moonlit Fog,"Empty Drive-In Cinema, an abandoned drive-in theatre with giant blank screen, rows of speaker posts, empty concession stand and foggy field, under moonlight and drifting fog, strong silhouettes, readable environmental detail, controlled contrast and a quiet supernatural atmosphere, no people present, environment-first composition, highly detailed architecture and surfaces, coherent spatial layout, cinematic depth, polished colour separation, subtle volumetric atmosphere, realistic materials, professional horror production design","people as main subject, visible monster as main subject, graphic gore, modern clutter that contradicts the setting, bright cheerful mood, flat lighting, malformed architecture, impossible perspective, duplicated doors, floating objects, warped signage, invented readable text, watermark, logo, low detail, blur",Original Cinematic Horror,1.0,False
0071 | Original Cinematic Horror/Empty Drive-In Cinema — Storm Night,"Empty Drive-In Cinema, an abandoned drive-in theatre with giant blank screen, rows of speaker posts, empty concession stand and foggy field, during a stormy night, rain or wind appropriate to the setting, intermittent practical light, reflective surfaces and cinematic tension without visible characters, no people present, environment-first composition, highly detailed architecture and surfaces, coherent spatial layout, cinematic depth, polished colour separation, subtle volumetric atmosphere, realistic materials, professional horror production design","people as main subject, visible monster as main subject, graphic gore, modern clutter that contradicts the setting, bright cheerful mood, flat lighting, malformed architecture, impossible perspective, duplicated doors, floating objects, warped signage, invented readable text, watermark, logo, low detail, blur",Original Cinematic Horror,1.0,False
0072 | Original Cinematic Horror/Empty Drive-In Cinema — Abandoned Daylight,"Empty Drive-In Cinema, an abandoned drive-in theatre with giant blank screen, rows of speaker posts, empty concession stand and foggy field, in pale overcast daylight, abandonment clearly visible, authentic wear and material detail, long empty sightlines and unsettling realism rather than darkness alone, no people present, environment-first composition, highly detailed architecture and surfaces, coherent spatial layout, cinematic depth, polished colour separation, subtle volumetric atmosphere, realistic materials, professional horror production design","people as main subject, visible monster as main subject, graphic gore, modern clutter that contradicts the setting, bright cheerful mood, flat lighting, malformed architecture, impossible perspective, duplicated doors, floating objects, warped signage, invented readable text, watermark, logo, low detail, blur",Original Cinematic Horror,1.0,False
0073 | Original Cinematic Horror/Rotting Roadside Motel — Blue Hour,"Rotting Roadside Motel, a neglected roadside motel with cracked neon sign, drained pool, exterior corridors and one room light still on, at blue hour, cool exterior ambience, small warm practical lights, layered depth, precise production design and a polished widescreen horror establishing shot, no people present, environment-first composition, highly detailed architecture and surfaces, coherent spatial layout, cinematic depth, polished colour separation, subtle volumetric atmosphere, realistic materials, professional horror production design","people as main subject, visible monster as main subject, graphic gore, modern clutter that contradicts the setting, bright cheerful mood, flat lighting, malformed architecture, impossible perspective, duplicated doors, floating objects, warped signage, invented readable text, watermark, logo, low detail, blur",Original Cinematic Horror,1.0,False
0074 | Original Cinematic Horror/Rotting Roadside Motel — Moonlit Fog,"Rotting Roadside Motel, a neglected roadside motel with cracked neon sign, drained pool, exterior corridors and one room light still on, under moonlight and drifting fog, strong silhouettes, readable environmental detail, controlled contrast and a quiet supernatural atmosphere, no people present, environment-first composition, highly detailed architecture and surfaces, coherent spatial layout, cinematic depth, polished colour separation, subtle volumetric atmosphere, realistic materials, professional horror production design","people as main subject, visible monster as main subject, graphic gore, modern clutter that contradicts the setting, bright cheerful mood, flat lighting, malformed architecture, impossible perspective, duplicated doors, floating objects, warped signage, invented readable text, watermark, logo, low detail, blur",Original Cinematic Horror,1.0,False
0075 | Original Cinematic Horror/Rotting Roadside Motel — Storm Night,"Rotting Roadside Motel, a neglected roadside motel with cracked neon sign, drained pool, exterior corridors and one room light still on, during a stormy night, rain or wind appropriate to the setting, intermittent practical light, reflective surfaces and cinematic tension without visible characters, no people present, environment-first composition, highly detailed architecture and surfaces, coherent spatial layout, cinematic depth, polished colour separation, subtle volumetric atmosphere, realistic materials, professional horror production design","people as main subject, visible monster as main subject, graphic gore, modern clutter that contradicts the setting, bright cheerful mood, flat lighting, malformed architecture, impossible perspective, duplicated doors, floating objects, warped signage, invented readable text, watermark, logo, low detail, blur",Original Cinematic Horror,1.0,False
0076 | Original Cinematic Horror/Rotting Roadside Motel — Abandoned Daylight,"Rotting Roadside Motel, a neglected roadside motel with cracked neon sign, drained pool, exterior corridors and one room light still on, in pale overcast daylight, abandonment clearly visible, authentic wear and material detail, long empty sightlines and unsettling realism rather than darkness alone, no people present, environment-first composition, highly detailed architecture and surfaces, coherent spatial layout, cinematic depth, polished colour separation, subtle volumetric atmosphere, realistic materials, professional horror production design","people as main subject, visible monster as main subject, graphic gore, modern clutter that contradicts the setting, bright cheerful mood, flat lighting, malformed architecture, impossible perspective, duplicated doors, floating objects, warped signage, invented readable text, watermark, logo, low detail, blur",Original Cinematic Horror,1.0,False
0077 | Original Cinematic Horror/Lonely Highway Gas Station — Blue Hour,"Lonely Highway Gas Station, an isolated gas station on a black highway, old pumps, buzzing canopy lights, empty shop and desert darkness, at blue hour, cool exterior ambience, small warm practical lights, layered depth, precise production design and a polished widescreen horror establishing shot, no people present, environment-first composition, highly detailed architecture and surfaces, coherent spatial layout, cinematic depth, polished colour separation, subtle volumetric atmosphere, realistic materials, professional horror production design","people as main subject, visible monster as main subject, graphic gore, modern clutter that contradicts the setting, bright cheerful mood, flat lighting, malformed architecture, impossible perspective, duplicated doors, floating objects, warped signage, invented readable text, watermark, logo, low detail, blur",Original Cinematic Horror,1.0,False
0078 | Original Cinematic Horror/Lonely Highway Gas Station — Moonlit Fog,"Lonely Highway Gas Station, an isolated gas station on a black highway, old pumps, buzzing canopy lights, empty shop and desert darkness, under moonlight and drifting fog, strong silhouettes, readable environmental detail, controlled contrast and a quiet supernatural atmosphere, no people present, environment-first composition, highly detailed architecture and surfaces, coherent spatial layout, cinematic depth, polished colour separation, subtle volumetric atmosphere, realistic materials, professional horror production design","people as main subject, visible monster as main subject, graphic gore, modern clutter that contradicts the setting, bright cheerful mood, flat lighting, malformed architecture, impossible perspective, duplicated doors, floating objects, warped signage, invented readable text, watermark, logo, low detail, blur",Original Cinematic Horror,1.0,False
0079 | Original Cinematic Horror/Lonely Highway Gas Station — Storm Night,"Lonely Highway Gas Station, an isolated gas station on a black highway, old pumps, buzzing canopy lights, empty shop and desert darkness, during a stormy night, rain or wind appropriate to the setting, intermittent practical light, reflective surfaces and cinematic tension without visible characters, no people present, environment-first composition, highly detailed architecture and surfaces, coherent spatial layout, cinematic depth, polished colour separation, subtle volumetric atmosphere, realistic materials, professional horror production design","people as main subject, visible monster as main subject, graphic gore, modern clutter that contradicts the setting, bright cheerful mood, flat lighting, malformed architecture, impossible perspective, duplicated doors, floating objects, warped signage, invented readable text, watermark, logo, low detail, blur",Original Cinematic Horror,1.0,False
0080 | Original Cinematic Horror/Lonely Highway Gas Station — Abandoned Daylight,"Lonely Highway Gas Station, an isolated gas station on a black highway, old pumps, buzzing canopy lights, empty shop and desert darkness, in pale overcast daylight, abandonment clearly visible, authentic wear and material detail, long empty sightlines and unsettling realism rather than darkness alone, no people present, environment-first composition, highly detailed architecture and surfaces, coherent spatial layout, cinematic depth, polished colour separation, subtle volumetric atmosphere, realistic materials, professional horror production design","people as main subject, visible monster as main subject, graphic gore, modern clutter that contradicts the setting, bright cheerful mood, flat lighting, malformed architecture, impossible perspective, duplicated doors, floating objects, warped signage, invented readable text, watermark, logo, low detail, blur",Original Cinematic Horror,1.0,False
0081 | Original Cinematic Horror/Closed All-Night Diner — Blue Hour,"Closed All-Night Diner, a chrome roadside diner after closing, red booths, coffee cups, kitchen pass and rain streaking the windows, at blue hour, cool exterior ambience, small warm practical lights, layered depth, precise production design and a polished widescreen horror establishing shot, no people present, environment-first composition, highly detailed architecture and surfaces, coherent spatial layout, cinematic depth, polished colour separation, subtle volumetric atmosphere, realistic materials, professional horror production design","people as main subject, visible monster as main subject, graphic gore, modern clutter that contradicts the setting, bright cheerful mood, flat lighting, malformed architecture, impossible perspective, duplicated doors, floating objects, warped signage, invented readable text, watermark, logo, low detail, blur",Original Cinematic Horror,1.0,False
0082 | Original Cinematic Horror/Closed All-Night Diner — Moonlit Fog,"Closed All-Night Diner, a chrome roadside diner after closing, red booths, coffee cups, kitchen pass and rain streaking the windows, under moonlight and drifting fog, strong silhouettes, readable environmental detail, controlled contrast and a quiet supernatural atmosphere, no people present, environment-first composition, highly detailed architecture and surfaces, coherent spatial layout, cinematic depth, polished colour separation, subtle volumetric atmosphere, realistic materials, professional horror production design","people as main subject, visible monster as main subject, graphic gore, modern clutter that contradicts the setting, bright cheerful mood, flat lighting, malformed architecture, impossible perspective, duplicated doors, floating objects, warped signage, invented readable text, watermark, logo, low detail, blur",Original Cinematic Horror,1.0,False
0083 | Original Cinematic Horror/Closed All-Night Diner — Storm Night,"Closed All-Night Diner, a chrome roadside diner after closing, red booths, coffee cups, kitchen pass and rain streaking the windows, during a stormy night, rain or wind appropriate to the setting, intermittent practical light, reflective surfaces and cinematic tension without visible characters, no people present, environment-first composition, highly detailed architecture and surfaces, coherent spatial layout, cinematic depth, polished colour separation, subtle volumetric atmosphere, realistic materials, professional horror production design","people as main subject, visible monster as main subject, graphic gore, modern clutter that contradicts the setting, bright cheerful mood, flat lighting, malformed architecture, impossible perspective, duplicated doors, floating objects, warped signage, invented readable text, watermark, logo, low detail, blur",Original Cinematic Horror,1.0,False
0084 | Original Cinematic Horror/Closed All-Night Diner — Abandoned Daylight,"Closed All-Night Diner, a chrome roadside diner after closing, red booths, coffee cups, kitchen pass and rain streaking the windows, in pale overcast daylight, abandonment clearly visible, authentic wear and material detail, long empty sightlines and unsettling realism rather than darkness alone, no people present, environment-first composition, highly detailed architecture and surfaces, coherent spatial layout, cinematic depth, polished colour separation, subtle volumetric atmosphere, realistic materials, professional horror production design","people as main subject, visible monster as main subject, graphic gore, modern clutter that contradicts the setting, bright cheerful mood, flat lighting, malformed architecture, impossible perspective, duplicated doors, floating objects, warped signage, invented readable text, watermark, logo, low detail, blur",Original Cinematic Horror,1.0,False
0085 | Original Cinematic Horror/Forest Fire Lookout — Blue Hour,"Forest Fire Lookout, a remote wooden lookout tower above endless forest, radio desk, narrow stairs and storm clouds below the ridge, at blue hour, cool exterior ambience, small warm practical lights, layered depth, precise production design and a polished widescreen horror establishing shot, no people present, environment-first composition, highly detailed architecture and surfaces, coherent spatial layout, cinematic depth, polished colour separation, subtle volumetric atmosphere, realistic materials, professional horror production design","people as main subject, visible monster as main subject, graphic gore, modern clutter that contradicts the setting, bright cheerful mood, flat lighting, malformed architecture, impossible perspective, duplicated doors, floating objects, warped signage, invented readable text, watermark, logo, low detail, blur",Original Cinematic Horror,1.0,False
0086 | Original Cinematic Horror/Forest Fire Lookout — Moonlit Fog,"Forest Fire Lookout, a remote wooden lookout tower above endless forest, radio desk, narrow stairs and storm clouds below the ridge, under moonlight and drifting fog, strong silhouettes, readable environmental detail, controlled contrast and a quiet supernatural atmosphere, no people present, environment-first composition, highly detailed architecture and surfaces, coherent spatial layout, cinematic depth, polished colour separation, subtle volumetric atmosphere, realistic materials, professional horror production design","people as main subject, visible monster as main subject, graphic gore, modern clutter that contradicts the setting, bright cheerful mood, flat lighting, malformed architecture, impossible perspective, duplicated doors, floating objects, warped signage, invented readable text, watermark, logo, low detail, blur",Original Cinematic Horror,1.0,False
0087 | Original Cinematic Horror/Forest Fire Lookout — Storm Night,"Forest Fire Lookout, a remote wooden lookout tower above endless forest, radio desk, narrow stairs and storm clouds below the ridge, during a stormy night, rain or wind appropriate to the setting, intermittent practical light, reflective surfaces and cinematic tension without visible characters, no people present, environment-first composition, highly detailed architecture and surfaces, coherent spatial layout, cinematic depth, polished colour separation, subtle volumetric atmosphere, realistic materials, professional horror production design","people as main subject, visible monster as main subject, graphic gore, modern clutter that contradicts the setting, bright cheerful mood, flat lighting, malformed architecture, impossible perspective, duplicated doors, floating objects, warped signage, invented readable text, watermark, logo, low detail, blur",Original Cinematic Horror,1.0,False
0088 | Original Cinematic Horror/Forest Fire Lookout — Abandoned Daylight,"Forest Fire Lookout, a remote wooden lookout tower above endless forest, radio desk, narrow stairs and storm clouds below the ridge, in pale overcast daylight, abandonment clearly visible, authentic wear and material detail, long empty sightlines and unsettling realism rather than darkness alone, no people present, environment-first composition, highly detailed architecture and surfaces, coherent spatial layout, cinematic depth, polished colour separation, subtle volumetric atmosphere, realistic materials, professional horror production design","people as main subject, visible monster as main subject, graphic gore, modern clutter that contradicts the setting, bright cheerful mood, flat lighting, malformed architecture, impossible perspective, duplicated doors, floating objects, warped signage, invented readable text, watermark, logo, low detail, blur",Original Cinematic Horror,1.0,False
0089 | Original Cinematic Horror/Snowbound Hunting Lodge — Blue Hour,"Snowbound Hunting Lodge, a large timber lodge buried in snow, trophy hall, stone fireplace, locked equipment room and no road access, at blue hour, cool exterior ambience, small warm practical lights, layered depth, precise production design and a polished widescreen horror establishing shot, no people present, environment-first composition, highly detailed architecture and surfaces, coherent spatial layout, cinematic depth, polished colour separation, subtle volumetric atmosphere, realistic materials, professional horror production design","people as main subject, visible monster as main subject, graphic gore, modern clutter that contradicts the setting, bright cheerful mood, flat lighting, malformed architecture, impossible perspective, duplicated doors, floating objects, warped signage, invented readable text, watermark, logo, low detail, blur",Original Cinematic Horror,1.0,False
0090 | Original Cinematic Horror/Snowbound Hunting Lodge — Moonlit Fog,"Snowbound Hunting Lodge, a large timber lodge buried in snow, trophy hall, stone fireplace, locked equipment room and no road access, under moonlight and drifting fog, strong silhouettes, readable environmental detail, controlled contrast and a quiet supernatural atmosphere, no people present, environment-first composition, highly detailed architecture and surfaces, coherent spatial layout, cinematic depth, polished colour separation, subtle volumetric atmosphere, realistic materials, professional horror production design","people as main subject, visible monster as main subject, graphic gore, modern clutter that contradicts the setting, bright cheerful mood, flat lighting, malformed architecture, impossible perspective, duplicated doors, floating objects, warped signage, invented readable text, watermark, logo, low detail, blur",Original Cinematic Horror,1.0,False
0091 | Original Cinematic Horror/Snowbound Hunting Lodge — Storm Night,"Snowbound Hunting Lodge, a large timber lodge buried in snow, trophy hall, stone fireplace, locked equipment room and no road access, during a stormy night, rain or wind appropriate to the setting, intermittent practical light, reflective surfaces and cinematic tension without visible characters, no people present, environment-first composition, highly detailed architecture and surfaces, coherent spatial layout, cinematic depth, polished colour separation, subtle volumetric atmosphere, realistic materials, professional horror production design","people as main subject, visible monster as main subject, graphic gore, modern clutter that contradicts the setting, bright cheerful mood, flat lighting, malformed architecture, impossible perspective, duplicated doors, floating objects, warped signage, invented readable text, watermark, logo, low detail, blur",Original Cinematic Horror,1.0,False
0092 | Original Cinematic Horror/Snowbound Hunting Lodge — Abandoned Daylight,"Snowbound Hunting Lodge, a large timber lodge buried in snow, trophy hall, stone fireplace, locked equipment room and no road access, in pale overcast daylight, abandonment clearly visible, authentic wear and material detail, long empty sightlines and unsettling realism rather than darkness alone, no people present, environment-first composition, highly detailed architecture and surfaces, coherent spatial layout, cinematic depth, polished colour separation, subtle volumetric atmosphere, realistic materials, professional horror production design","people as main subject, visible monster as main subject, graphic gore, modern clutter that contradicts the setting, bright cheerful mood, flat lighting, malformed architecture, impossible perspective, duplicated doors, floating objects, warped signage, invented readable text, watermark, logo, low detail, blur",Original Cinematic Horror,1.0,False
0093 | Original Cinematic Horror/Underground Cave Shrine — Blue Hour,"Underground Cave Shrine, a hidden cave shrine with weathered statues, candle shelves, subterranean pool and narrow stone approach, at blue hour, cool exterior ambience, small warm practical lights, layered depth, precise production design and a polished widescreen horror establishing shot, no people present, environment-first composition, highly detailed architecture and surfaces, coherent spatial layout, cinematic depth, polished colour separation, subtle volumetric atmosphere, realistic materials, professional horror production design","people as main subject, visible monster as main subject, graphic gore, modern clutter that contradicts the setting, bright cheerful mood, flat lighting, malformed architecture, impossible perspective, duplicated doors, floating objects, warped signage, invented readable text, watermark, logo, low detail, blur",Original Cinematic Horror,1.0,False
0094 | Original Cinematic Horror/Underground Cave Shrine — Moonlit Fog,"Underground Cave Shrine, a hidden cave shrine with weathered statues, candle shelves, subterranean pool and narrow stone approach, under moonlight and drifting fog, strong silhouettes, readable environmental detail, controlled contrast and a quiet supernatural atmosphere, no people present, environment-first composition, highly detailed architecture and surfaces, coherent spatial layout, cinematic depth, polished colour separation, subtle volumetric atmosphere, realistic materials, professional horror production design","people as main subject, visible monster as main subject, graphic gore, modern clutter that contradicts the setting, bright cheerful mood, flat lighting, malformed architecture, impossible perspective, duplicated doors, floating objects, warped signage, invented readable text, watermark, logo, low detail, blur",Original Cinematic Horror,1.0,False
0095 | Original Cinematic Horror/Underground Cave Shrine — Storm Night,"Underground Cave Shrine, a hidden cave shrine with weathered statues, candle shelves, subterranean pool and narrow stone approach, during a stormy night, rain or wind appropriate to the setting, intermittent practical light, reflective surfaces and cinematic tension without visible characters, no people present, environment-first composition, highly detailed architecture and surfaces, coherent spatial layout, cinematic depth, polished colour separation, subtle volumetric atmosphere, realistic materials, professional horror production design","people as main subject, visible monster as main subject, graphic gore, modern clutter that contradicts the setting, bright cheerful mood, flat lighting, malformed architecture, impossible perspective, duplicated doors, floating objects, warped signage, invented readable text, watermark, logo, low detail, blur",Original Cinematic Horror,1.0,False
0096 | Original Cinematic Horror/Underground Cave Shrine — Abandoned Daylight,"Underground Cave Shrine, a hidden cave shrine with weathered statues, candle shelves, subterranean pool and narrow stone approach, in pale overcast daylight, abandonment clearly visible, authentic wear and material detail, long empty sightlines and unsettling realism rather than darkness alone, no people present, environment-first composition, highly detailed architecture and surfaces, coherent spatial layout, cinematic depth, polished colour separation, subtle volumetric atmosphere, realistic materials, professional horror production design","people as main subject, visible monster as main subject, graphic gore, modern clutter that contradicts the setting, bright cheerful mood, flat lighting, malformed architecture, impossible perspective, duplicated doors, floating objects, warped signage, invented readable text, watermark, logo, low detail, blur",Original Cinematic Horror,1.0,False
0097 | Original Cinematic Horror/Abandoned Mine Shaft — Blue Hour,"Abandoned Mine Shaft, a deep disused mine with timber supports, rusted carts, side tunnels and a broken cage lift, at blue hour, cool exterior ambience, small warm practical lights, layered depth, precise production design and a polished widescreen horror establishing shot, no people present, environment-first composition, highly detailed architecture and surfaces, coherent spatial layout, cinematic depth, polished colour separation, subtle volumetric atmosphere, realistic materials, professional horror production design","people as main subject, visible monster as main subject, graphic gore, modern clutter that contradicts the setting, bright cheerful mood, flat lighting, malformed architecture, impossible perspective, duplicated doors, floating objects, warped signage, invented readable text, watermark, logo, low detail, blur",Original Cinematic Horror,1.0,False
0098 | Original Cinematic Horror/Abandoned Mine Shaft — Moonlit Fog,"Abandoned Mine Shaft, a deep disused mine with timber supports, rusted carts, side tunnels and a broken cage lift, under moonlight and drifting fog, strong silhouettes, readable environmental detail, controlled contrast and a quiet supernatural atmosphere, no people present, environment-first composition, highly detailed architecture and surfaces, coherent spatial layout, cinematic depth, polished colour separation, subtle volumetric atmosphere, realistic materials, professional horror production design","people as main subject, visible monster as main subject, graphic gore, modern clutter that contradicts the setting, bright cheerful mood, flat lighting, malformed architecture, impossible perspective, duplicated doors, floating objects, warped signage, invented readable text, watermark, logo, low detail, blur",Original Cinematic Horror,1.0,False
0099 | Original Cinematic Horror/Abandoned Mine Shaft — Storm Night,"Abandoned Mine Shaft, a deep disused mine with timber supports, rusted carts, side tunnels and a broken cage lift, during a stormy night, rain or wind appropriate to the setting, intermittent practical light, reflective surfaces and cinematic tension without visible characters, no people present, environment-first composition, highly detailed architecture and surfaces, coherent spatial layout, cinematic depth, polished colour separation, subtle volumetric atmosphere, realistic materials, professional horror production design","people as main subject, visible monster as main subject, graphic gore, modern clutter that contradicts the setting, bright cheerful mood, flat lighting, malformed architecture, impossible perspective, duplicated doors, floating objects, warped signage, invented readable text, watermark, logo, low detail, blur",Original Cinematic Horror,1.0,False
0100 | Original Cinematic Horror/Abandoned Mine Shaft — Abandoned Daylight,"Abandoned Mine Shaft, a deep disused mine with timber supports, rusted carts, side tunnels and a broken cage lift, in pale overcast daylight, abandonment clearly visible, authentic wear and material detail, long empty sightlines and unsettling realism rather than darkness alone, no people present, environment-first composition, highly detailed architecture and surfaces, coherent spatial layout, cinematic depth, polished colour separation, subtle volumetric atmosphere, realistic materials, professional horror production design","people as main subject, visible monster as main subject, graphic gore, modern clutter that contradicts the setting, bright cheerful mood, flat lighting, malformed architecture, impossible perspective, duplicated doors, floating objects, warped signage, invented readable text, watermark, logo, low detail, blur",Original Cinematic Horror,1.0,False
0101 | Original Cinematic Horror/Brick Sewer Junction — Blue Hour,"Brick Sewer Junction, a vast old sewer intersection with arched brick channels, maintenance platforms, rusted gates and distant flowing water, at blue hour, cool exterior ambience, small warm practical lights, layered depth, precise production design and a polished widescreen horror establishing shot, no people present, environment-first composition, highly detailed architecture and surfaces, coherent spatial layout, cinematic depth, polished colour separation, subtle volumetric atmosphere, realistic materials, professional horror production design","people as main subject, visible monster as main subject, graphic gore, modern clutter that contradicts the setting, bright cheerful mood, flat lighting, malformed architecture, impossible perspective, duplicated doors, floating objects, warped signage, invented readable text, watermark, logo, low detail, blur",Original Cinematic Horror,1.0,False
0102 | Original Cinematic Horror/Brick Sewer Junction — Moonlit Fog,"Brick Sewer Junction, a vast old sewer intersection with arched brick channels, maintenance platforms, rusted gates and distant flowing water, under moonlight and drifting fog, strong silhouettes, readable environmental detail, controlled contrast and a quiet supernatural atmosphere, no people present, environment-first composition, highly detailed architecture and surfaces, coherent spatial layout, cinematic depth, polished colour separation, subtle volumetric atmosphere, realistic materials, professional horror production design","people as main subject, visible monster as main subject, graphic gore, modern clutter that contradicts the setting, bright cheerful mood, flat lighting, malformed architecture, impossible perspective, duplicated doors, floating objects, warped signage, invented readable text, watermark, logo, low detail, blur",Original Cinematic Horror,1.0,False
0103 | Original Cinematic Horror/Brick Sewer Junction — Storm Night,"Brick Sewer Junction, a vast old sewer intersection with arched brick channels, maintenance platforms, rusted gates and distant flowing water, during a stormy night, rain or wind appropriate to the setting, intermittent practical light, reflective surfaces and cinematic tension without visible characters, no people present, environment-first composition, highly detailed architecture and surfaces, coherent spatial layout, cinematic depth, polished colour separation, subtle volumetric atmosphere, realistic materials, professional horror production design","people as main subject, visible monster as main subject, graphic gore, modern clutter that contradicts the setting, bright cheerful mood, flat lighting, malformed architecture, impossible perspective, duplicated doors, floating objects, warped signage, invented readable text, watermark, logo, low detail, blur",Original Cinematic Horror,1.0,False
0104 | Original Cinematic Horror/Brick Sewer Junction — Abandoned Daylight,"Brick Sewer Junction, a vast old sewer intersection with arched brick channels, maintenance platforms, rusted gates and distant flowing water, in pale overcast daylight, abandonment clearly visible, authentic wear and material detail, long empty sightlines and unsettling realism rather than darkness alone, no people present, environment-first composition, highly detailed architecture and surfaces, coherent spatial layout, cinematic depth, polished colour separation, subtle volumetric atmosphere, realistic materials, professional horror production design","people as main subject, visible monster as main subject, graphic gore, modern clutter that contradicts the setting, bright cheerful mood, flat lighting, malformed architecture, impossible perspective, duplicated doors, floating objects, warped signage, invented readable text, watermark, logo, low detail, blur",Original Cinematic Horror,1.0,False
0105 | Original Cinematic Horror/Concrete Storm Drain — Blue Hour,"Concrete Storm Drain, a large urban storm drain beneath the city, graffiti, shallow water, branching culverts and a single shaft of daylight, at blue hour, cool exterior ambience, small warm practical lights, layered depth, precise production design and a polished widescreen horror establishing shot, no people present, environment-first composition, highly detailed architecture and surfaces, coherent spatial layout, cinematic depth, polished colour separation, subtle volumetric atmosphere, realistic materials, professional horror production design","people as main subject, visible monster as main subject, graphic gore, modern clutter that contradicts the setting, bright cheerful mood, flat lighting, malformed architecture, impossible perspective, duplicated doors, floating objects, warped signage, invented readable text, watermark, logo, low detail, blur",Original Cinematic Horror,1.0,False
0106 | Original Cinematic Horror/Concrete Storm Drain — Moonlit Fog,"Concrete Storm Drain, a large urban storm drain beneath the city, graffiti, shallow water, branching culverts and a single shaft of daylight, under moonlight and drifting fog, strong silhouettes, readable environmental detail, controlled contrast and a quiet supernatural atmosphere, no people present, environment-first composition, highly detailed architecture and surfaces, coherent spatial layout, cinematic depth, polished colour separation, subtle volumetric atmosphere, realistic materials, professional horror production design","people as main subject, visible monster as main subject, graphic gore, modern clutter that contradicts the setting, bright cheerful mood, flat lighting, malformed architecture, impossible perspective, duplicated doors, floating objects, warped signage, invented readable text, watermark, logo, low detail, blur",Original Cinematic Horror,1.0,False
0107 | Original Cinematic Horror/Concrete Storm Drain — Storm Night,"Concrete Storm Drain, a large urban storm drain beneath the city, graffiti, shallow water, branching culverts and a single shaft of daylight, during a stormy night, rain or wind appropriate to the setting, intermittent practical light, reflective surfaces and cinematic tension without visible characters, no people present, environment-first composition, highly detailed architecture and surfaces, coherent spatial layout, cinematic depth, polished colour separation, subtle volumetric atmosphere, realistic materials, professional horror production design","people as main subject, visible monster as main subject, graphic gore, modern clutter that contradicts the setting, bright cheerful mood, flat lighting, malformed architecture, impossible perspective, duplicated doors, floating objects, warped signage, invented readable text, watermark, logo, low detail, blur",Original Cinematic Horror,1.0,False
0108 | Original Cinematic Horror/Concrete Storm Drain — Abandoned Daylight,"Concrete Storm Drain, a large urban storm drain beneath the city, graffiti, shallow water, branching culverts and a single shaft of daylight, in pale overcast daylight, abandonment clearly visible, authentic wear and material detail, long empty sightlines and unsettling realism rather than darkness alone, no people present, environment-first composition, highly detailed architecture and surfaces, coherent spatial layout, cinematic depth, polished colour separation, subtle volumetric atmosphere, realistic materials, professional horror production design","people as main subject, visible monster as main subject, graphic gore, modern clutter that contradicts the setting, bright cheerful mood, flat lighting, malformed architecture, impossible perspective, duplicated doors, floating objects, warped signage, invented readable text, watermark, logo, low detail, blur",Original Cinematic Horror,1.0,False
0109 | Original Cinematic Horror/Flooded Cellar — Blue Hour,"Flooded Cellar, a stone basement filled with ankle-deep water, old furnace, storage shelves, narrow window and a locked inner door, at blue hour, cool exterior ambience, small warm practical lights, layered depth, precise production design and a polished widescreen horror establishing shot, no people present, environment-first composition, highly detailed architecture and surfaces, coherent spatial layout, cinematic depth, polished colour separation, subtle volumetric atmosphere, realistic materials, professional horror production design","people as main subject, visible monster as main subject, graphic gore, modern clutter that contradicts the setting, bright cheerful mood, flat lighting, malformed architecture, impossible perspective, duplicated doors, floating objects, warped signage, invented readable text, watermark, logo, low detail, blur",Original Cinematic Horror,1.0,False
0110 | Original Cinematic Horror/Flooded Cellar — Moonlit Fog,"Flooded Cellar, a stone basement filled with ankle-deep water, old furnace, storage shelves, narrow window and a locked inner door, under moonlight and drifting fog, strong silhouettes, readable environmental detail, controlled contrast and a quiet supernatural atmosphere, no people present, environment-first composition, highly detailed architecture and surfaces, coherent spatial layout, cinematic depth, polished colour separation, subtle volumetric atmosphere, realistic materials, professional horror production design","people as main subject, visible monster as main subject, graphic gore, modern clutter that contradicts the setting, bright cheerful mood, flat lighting, malformed architecture, impossible perspective, duplicated doors, floating objects, warped signage, invented readable text, watermark, logo, low detail, blur",Original Cinematic Horror,1.0,False
0111 | Original Cinematic Horror/Flooded Cellar — Storm Night,"Flooded Cellar, a stone basement filled with ankle-deep water, old furnace, storage shelves, narrow window and a locked inner door, during a stormy night, rain or wind appropriate to the setting, intermittent practical light, reflective surfaces and cinematic tension without visible characters, no people present, environment-first composition, highly detailed architecture and surfaces, coherent spatial layout, cinematic depth, polished colour separation, subtle volumetric atmosphere, realistic materials, professional horror production design","people as main subject, visible monster as main subject, graphic gore, modern clutter that contradicts the setting, bright cheerful mood, flat lighting, malformed architecture, impossible perspective, duplicated doors, floating objects, warped signage, invented readable text, watermark, logo, low detail, blur",Original Cinematic Horror,1.0,False
0112 | Original Cinematic Horror/Flooded Cellar — Abandoned Daylight,"Flooded Cellar, a stone basement filled with ankle-deep water, old furnace, storage shelves, narrow window and a locked inner door, in pale overcast daylight, abandonment clearly visible, authentic wear and material detail, long empty sightlines and unsettling realism rather than darkness alone, no people present, environment-first composition, highly detailed architecture and surfaces, coherent spatial layout, cinematic depth, polished colour separation, subtle volumetric atmosphere, realistic materials, professional horror production design","people as main subject, visible monster as main subject, graphic gore, modern clutter that contradicts the setting, bright cheerful mood, flat lighting, malformed architecture, impossible perspective, duplicated doors, floating objects, warped signage, invented readable text, watermark, logo, low detail, blur",Original Cinematic Horror,1.0,False
0113 | Original Cinematic Horror/Attic Nursery — Blue Hour,"Attic Nursery, a forgotten attic nursery with covered crib, rocking horse, faded wallpaper, trunks and rain beneath the roof tiles, at blue hour, cool exterior ambience, small warm practical lights, layered depth, precise production design and a polished widescreen horror establishing shot, no people present, environment-first composition, highly detailed architecture and surfaces, coherent spatial layout, cinematic depth, polished colour separation, subtle volumetric atmosphere, realistic materials, professional horror production design","people as main subject, visible monster as main subject, graphic gore, modern clutter that contradicts the setting, bright cheerful mood, flat lighting, malformed architecture, impossible perspective, duplicated doors, floating objects, warped signage, invented readable text, watermark, logo, low detail, blur",Original Cinematic Horror,1.0,False
0114 | Original Cinematic Horror/Attic Nursery — Moonlit Fog,"Attic Nursery, a forgotten attic nursery with covered crib, rocking horse, faded wallpaper, trunks and rain beneath the roof tiles, under moonlight and drifting fog, strong silhouettes, readable environmental detail, controlled contrast and a quiet supernatural atmosphere, no people present, environment-first composition, highly detailed architecture and surfaces, coherent spatial layout, cinematic depth, polished colour separation, subtle volumetric atmosphere, realistic materials, professional horror production design","people as main subject, visible monster as main subject, graphic gore, modern clutter that contradicts the setting, bright cheerful mood, flat lighting, malformed architecture, impossible perspective, duplicated doors, floating objects, warped signage, invented readable text, watermark, logo, low detail, blur",Original Cinematic Horror,1.0,False
0115 | Original Cinematic Horror/Attic Nursery — Storm Night,"Attic Nursery, a forgotten attic nursery with covered crib, rocking horse, faded wallpaper, trunks and rain beneath the roof tiles, during a stormy night, rain or wind appropriate to the setting, intermittent practical light, reflective surfaces and cinematic tension without visible characters, no people present, environment-first composition, highly detailed architecture and surfaces, coherent spatial layout, cinematic depth, polished colour separation, subtle volumetric atmosphere, realistic materials, professional horror production design","people as main subject, visible monster as main subject, graphic gore, modern clutter that contradicts the setting, bright cheerful mood, flat lighting, malformed architecture, impossible perspective, duplicated doors, floating objects, warped signage, invented readable text, watermark, logo, low detail, blur",Original Cinematic Horror,1.0,False
0116 | Original Cinematic Horror/Attic Nursery — Abandoned Daylight,"Attic Nursery, a forgotten attic nursery with covered crib, rocking horse, faded wallpaper, trunks and rain beneath the roof tiles, in pale overcast daylight, abandonment clearly visible, authentic wear and material detail, long empty sightlines and unsettling realism rather than darkness alone, no people present, environment-first composition, highly detailed architecture and surfaces, coherent spatial layout, cinematic depth, polished colour separation, subtle volumetric atmosphere, realistic materials, professional horror production design","people as main subject, visible monster as main subject, graphic gore, modern clutter that contradicts the setting, bright cheerful mood, flat lighting, malformed architecture, impossible perspective, duplicated doors, floating objects, warped signage, invented readable text, watermark, logo, low detail, blur",Original Cinematic Horror,1.0,False
0117 | Original Cinematic Horror/Antique Doll Workshop — Blue Hour,"Antique Doll Workshop, an old dollmaker’s workshop with porcelain heads, unfinished bodies, fine tools, narrow shelves and dusty skylight, at blue hour, cool exterior ambience, small warm practical lights, layered depth, precise production design and a polished widescreen horror establishing shot, no people present, environment-first composition, highly detailed architecture and surfaces, coherent spatial layout, cinematic depth, polished colour separation, subtle volumetric atmosphere, realistic materials, professional horror production design","people as main subject, visible monster as main subject, graphic gore, modern clutter that contradicts the setting, bright cheerful mood, flat lighting, malformed architecture, impossible perspective, duplicated doors, floating objects, warped signage, invented readable text, watermark, logo, low detail, blur",Original Cinematic Horror,1.0,False
0118 | Original Cinematic Horror/Antique Doll Workshop — Moonlit Fog,"Antique Doll Workshop, an old dollmaker’s workshop with porcelain heads, unfinished bodies, fine tools, narrow shelves and dusty skylight, under moonlight and drifting fog, strong silhouettes, readable environmental detail, controlled contrast and a quiet supernatural atmosphere, no people present, environment-first composition, highly detailed architecture and surfaces, coherent spatial layout, cinematic depth, polished colour separation, subtle volumetric atmosphere, realistic materials, professional horror production design","people as main subject, visible monster as main subject, graphic gore, modern clutter that contradicts the setting, bright cheerful mood, flat lighting, malformed architecture, impossible perspective, duplicated doors, floating objects, warped signage, invented readable text, watermark, logo, low detail, blur",Original Cinematic Horror,1.0,False
0119 | Original Cinematic Horror/Antique Doll Workshop — Storm Night,"Antique Doll Workshop, an old dollmaker’s workshop with porcelain heads, unfinished bodies, fine tools, narrow shelves and dusty skylight, during a stormy night, rain or wind appropriate to the setting, intermittent practical light, reflective surfaces and cinematic tension without visible characters, no people present, environment-first composition, highly detailed architecture and surfaces, coherent spatial layout, cinematic depth, polished colour separation, subtle volumetric atmosphere, realistic materials, professional horror production design","people as main subject, visible monster as main subject, graphic gore, modern clutter that contradicts the setting, bright cheerful mood, flat lighting, malformed architecture, impossible perspective, duplicated doors, floating objects, warped signage, invented readable text, watermark, logo, low detail, blur",Original Cinematic Horror,1.0,False
0120 | Original Cinematic Horror/Antique Doll Workshop — Abandoned Daylight,"Antique Doll Workshop, an old dollmaker’s workshop with porcelain heads, unfinished bodies, fine tools, narrow shelves and dusty skylight, in pale overcast daylight, abandonment clearly visible, authentic wear and material detail, long empty sightlines and unsettling realism rather than darkness alone, no people present, environment-first composition, highly detailed architecture and surfaces, coherent spatial layout, cinematic depth, polished colour separation, subtle volumetric atmosphere, realistic materials, professional horror production design","people as main subject, visible monster as main subject, graphic gore, modern clutter that contradicts the setting, bright cheerful mood, flat lighting, malformed architecture, impossible perspective, duplicated doors, floating objects, warped signage, invented readable text, watermark, logo, low detail, blur",Original Cinematic Horror,1.0,False
0121 | Original Cinematic Horror/Taxidermy Museum — Blue Hour,"Taxidermy Museum, a closed private museum with glass cases, mounted animals, faded labels and narrow aisles under weak lamps, at blue hour, cool exterior ambience, small warm practical lights, layered depth, precise production design and a polished widescreen horror establishing shot, no people present, environment-first composition, highly detailed architecture and surfaces, coherent spatial layout, cinematic depth, polished colour separation, subtle volumetric atmosphere, realistic materials, professional horror production design","people as main subject, visible monster as main subject, graphic gore, modern clutter that contradicts the setting, bright cheerful mood, flat lighting, malformed architecture, impossible perspective, duplicated doors, floating objects, warped signage, invented readable text, watermark, logo, low detail, blur",Original Cinematic Horror,1.0,False
0122 | Original Cinematic Horror/Taxidermy Museum — Moonlit Fog,"Taxidermy Museum, a closed private museum with glass cases, mounted animals, faded labels and narrow aisles under weak lamps, under moonlight and drifting fog, strong silhouettes, readable environmental detail, controlled contrast and a quiet supernatural atmosphere, no people present, environment-first composition, highly detailed architecture and surfaces, coherent spatial layout, cinematic depth, polished colour separation, subtle volumetric atmosphere, realistic materials, professional horror production design","people as main subject, visible monster as main subject, graphic gore, modern clutter that contradicts the setting, bright cheerful mood, flat lighting, malformed architecture, impossible perspective, duplicated doors, floating objects, warped signage, invented readable text, watermark, logo, low detail, blur",Original Cinematic Horror,1.0,False
0123 | Original Cinematic Horror/Taxidermy Museum — Storm Night,"Taxidermy Museum, a closed private museum with glass cases, mounted animals, faded labels and narrow aisles under weak lamps, during a stormy night, rain or wind appropriate to the setting, intermittent practical light, reflective surfaces and cinematic tension without visible characters, no people present, environment-first composition, highly detailed architecture and surfaces, coherent spatial layout, cinematic depth, polished colour separation, subtle volumetric atmosphere, realistic materials, professional horror production design","people as main subject, visible monster as main subject, graphic gore, modern clutter that contradicts the setting, bright cheerful mood, flat lighting, malformed architecture, impossible perspective, duplicated doors, floating objects, warped signage, invented readable text, watermark, logo, low detail, blur",Original Cinematic Horror,1.0,False
0124 | Original Cinematic Horror/Taxidermy Museum — Abandoned Daylight,"Taxidermy Museum, a closed private museum with glass cases, mounted animals, faded labels and narrow aisles under weak lamps, in pale overcast daylight, abandonment clearly visible, authentic wear and material detail, long empty sightlines and unsettling realism rather than darkness alone, no people present, environment-first composition, highly detailed architecture and surfaces, coherent spatial layout, cinematic depth, polished colour separation, subtle volumetric atmosphere, realistic materials, professional horror production design","people as main subject, visible monster as main subject, graphic gore, modern clutter that contradicts the setting, bright cheerful mood, flat lighting, malformed architecture, impossible perspective, duplicated doors, floating objects, warped signage, invented readable text, watermark, logo, low detail, blur",Original Cinematic Horror,1.0,False
0125 | Original Cinematic Horror/Occult Bookshop — Blue Hour,"Occult Bookshop, a cramped antiquarian bookshop with floor-to-ceiling shelves, rolling ladder, locked cabinet and rain-dark front window, at blue hour, cool exterior ambience, small warm practical lights, layered depth, precise production design and a polished widescreen horror establishing shot, no people present, environment-first composition, highly detailed architecture and surfaces, coherent spatial layout, cinematic depth, polished colour separation, subtle volumetric atmosphere, realistic materials, professional horror production design","people as main subject, visible monster as main subject, graphic gore, modern clutter that contradicts the setting, bright cheerful mood, flat lighting, malformed architecture, impossible perspective, duplicated doors, floating objects, warped signage, invented readable text, watermark, logo, low detail, blur",Original Cinematic Horror,1.0,False
0126 | Original Cinematic Horror/Occult Bookshop — Moonlit Fog,"Occult Bookshop, a cramped antiquarian bookshop with floor-to-ceiling shelves, rolling ladder, locked cabinet and rain-dark front window, under moonlight and drifting fog, strong silhouettes, readable environmental detail, controlled contrast and a quiet supernatural atmosphere, no people present, environment-first composition, highly detailed architecture and surfaces, coherent spatial layout, cinematic depth, polished colour separation, subtle volumetric atmosphere, realistic materials, professional horror production design","people as main subject, visible monster as main subject, graphic gore, modern clutter that contradicts the setting, bright cheerful mood, flat lighting, malformed architecture, impossible perspective, duplicated doors, floating objects, warped signage, invented readable text, watermark, logo, low detail, blur",Original Cinematic Horror,1.0,False
0127 | Original Cinematic Horror/Occult Bookshop — Storm Night,"Occult Bookshop, a cramped antiquarian bookshop with floor-to-ceiling shelves, rolling ladder, locked cabinet and rain-dark front window, during a stormy night, rain or wind appropriate to the setting, intermittent practical light, reflective surfaces and cinematic tension without visible characters, no people present, environment-first composition, highly detailed architecture and surfaces, coherent spatial layout, cinematic depth, polished colour separation, subtle volumetric atmosphere, realistic materials, professional horror production design","people as main subject, visible monster as main subject, graphic gore, modern clutter that contradicts the setting, bright cheerful mood, flat lighting, malformed architecture, impossible perspective, duplicated doors, floating objects, warped signage, invented readable text, watermark, logo, low detail, blur",Original Cinematic Horror,1.0,False
0128 | Original Cinematic Horror/Occult Bookshop — Abandoned Daylight,"Occult Bookshop, a cramped antiquarian bookshop with floor-to-ceiling shelves, rolling ladder, locked cabinet and rain-dark front window, in pale overcast daylight, abandonment clearly visible, authentic wear and material detail, long empty sightlines and unsettling realism rather than darkness alone, no people present, environment-first composition, highly detailed architecture and surfaces, coherent spatial layout, cinematic depth, polished colour separation, subtle volumetric atmosphere, realistic materials, professional horror production design","people as main subject, visible monster as main subject, graphic gore, modern clutter that contradicts the setting, bright cheerful mood, flat lighting, malformed architecture, impossible perspective, duplicated doors, floating objects, warped signage, invented readable text, watermark, logo, low detail, blur",Original Cinematic Horror,1.0,False
0129 | Original Cinematic Horror/Victorian Funeral Home — Blue Hour,"Victorian Funeral Home, an old funeral home with viewing parlour, preparation corridor, flower room and dark polished wood, at blue hour, cool exterior ambience, small warm practical lights, layered depth, precise production design and a polished widescreen horror establishing shot, no people present, environment-first composition, highly detailed architecture and surfaces, coherent spatial layout, cinematic depth, polished colour separation, subtle volumetric atmosphere, realistic materials, professional horror production design","people as main subject, visible monster as main subject, graphic gore, modern clutter that contradicts the setting, bright cheerful mood, flat lighting, malformed architecture, impossible perspective, duplicated doors, floating objects, warped signage, invented readable text, watermark, logo, low detail, blur",Original Cinematic Horror,1.0,False
0130 | Original Cinematic Horror/Victorian Funeral Home — Moonlit Fog,"Victorian Funeral Home, an old funeral home with viewing parlour, preparation corridor, flower room and dark polished wood, under moonlight and drifting fog, strong silhouettes, readable environmental detail, controlled contrast and a quiet supernatural atmosphere, no people present, environment-first composition, highly detailed architecture and surfaces, coherent spatial layout, cinematic depth, polished colour separation, subtle volumetric atmosphere, realistic materials, professional horror production design","people as main subject, visible monster as main subject, graphic gore, modern clutter that contradicts the setting, bright cheerful mood, flat lighting, malformed architecture, impossible perspective, duplicated doors, floating objects, warped signage, invented readable text, watermark, logo, low detail, blur",Original Cinematic Horror,1.0,False
0131 | Original Cinematic Horror/Victorian Funeral Home — Storm Night,"Victorian Funeral Home, an old funeral home with viewing parlour, preparation corridor, flower room and dark polished wood, during a stormy night, rain or wind appropriate to the setting, intermittent practical light, reflective surfaces and cinematic tension without visible characters, no people present, environment-first composition, highly detailed architecture and surfaces, coherent spatial layout, cinematic depth, polished colour separation, subtle volumetric atmosphere, realistic materials, professional horror production design","people as main subject, visible monster as main subject, graphic gore, modern clutter that contradicts the setting, bright cheerful mood, flat lighting, malformed architecture, impossible perspective, duplicated doors, floating objects, warped signage, invented readable text, watermark, logo, low detail, blur",Original Cinematic Horror,1.0,False
0132 | Original Cinematic Horror/Victorian Funeral Home — Abandoned Daylight,"Victorian Funeral Home, an old funeral home with viewing parlour, preparation corridor, flower room and dark polished wood, in pale overcast daylight, abandonment clearly visible, authentic wear and material detail, long empty sightlines and unsettling realism rather than darkness alone, no people present, environment-first composition, highly detailed architecture and surfaces, coherent spatial layout, cinematic depth, polished colour separation, subtle volumetric atmosphere, realistic materials, professional horror production design","people as main subject, visible monster as main subject, graphic gore, modern clutter that contradicts the setting, bright cheerful mood, flat lighting, malformed architecture, impossible perspective, duplicated doors, floating objects, warped signage, invented readable text, watermark, logo, low detail, blur",Original Cinematic Horror,1.0,False
0133 | Original Cinematic Horror/Crematorium Service Corridor — Blue Hour,"Crematorium Service Corridor, a sterile back corridor of an old crematorium, metal doors, tiled walls, service lifts and subdued industrial lighting, at blue hour, cool exterior ambience, small warm practical lights, layered depth, precise production design and a polished widescreen horror establishing shot, no people present, environment-first composition, highly detailed architecture and surfaces, coherent spatial layout, cinematic depth, polished colour separation, subtle volumetric atmosphere, realistic materials, professional horror production design","people as main subject, visible monster as main subject, graphic gore, modern clutter that contradicts the setting, bright cheerful mood, flat lighting, malformed architecture, impossible perspective, duplicated doors, floating objects, warped signage, invented readable text, watermark, logo, low detail, blur",Original Cinematic Horror,1.0,False
0134 | Original Cinematic Horror/Crematorium Service Corridor — Moonlit Fog,"Crematorium Service Corridor, a sterile back corridor of an old crematorium, metal doors, tiled walls, service lifts and subdued industrial lighting, under moonlight and drifting fog, strong silhouettes, readable environmental detail, controlled contrast and a quiet supernatural atmosphere, no people present, environment-first composition, highly detailed architecture and surfaces, coherent spatial layout, cinematic depth, polished colour separation, subtle volumetric atmosphere, realistic materials, professional horror production design","people as main subject, visible monster as main subject, graphic gore, modern clutter that contradicts the setting, bright cheerful mood, flat lighting, malformed architecture, impossible perspective, duplicated doors, floating objects, warped signage, invented readable text, watermark, logo, low detail, blur",Original Cinematic Horror,1.0,False
0135 | Original Cinematic Horror/Crematorium Service Corridor — Storm Night,"Crematorium Service Corridor, a sterile back corridor of an old crematorium, metal doors, tiled walls, service lifts and subdued industrial lighting, during a stormy night, rain or wind appropriate to the setting, intermittent practical light, reflective surfaces and cinematic tension without visible characters, no people present, environment-first composition, highly detailed architecture and surfaces, coherent spatial layout, cinematic depth, polished colour separation, subtle volumetric atmosphere, realistic materials, professional horror production design","people as main subject, visible monster as main subject, graphic gore, modern clutter that contradicts the setting, bright cheerful mood, flat lighting, malformed architecture, impossible perspective, duplicated doors, floating objects, warped signage, invented readable text, watermark, logo, low detail, blur",Original Cinematic Horror,1.0,False
0136 | Original Cinematic Horror/Crematorium Service Corridor — Abandoned Daylight,"Crematorium Service Corridor, a sterile back corridor of an old crematorium, metal doors, tiled walls, service lifts and subdued industrial lighting, in pale overcast daylight, abandonment clearly visible, authentic wear and material detail, long empty sightlines and unsettling realism rather than darkness alone, no people present, environment-first composition, highly detailed architecture and surfaces, coherent spatial layout, cinematic depth, polished colour separation, subtle volumetric atmosphere, realistic materials, professional horror production design","people as main subject, visible monster as main subject, graphic gore, modern clutter that contradicts the setting, bright cheerful mood, flat lighting, malformed architecture, impossible perspective, duplicated doors, floating objects, warped signage, invented readable text, watermark, logo, low detail, blur",Original Cinematic Horror,1.0,False
0137 | Original Cinematic Horror/Hospital Morgue — Blue Hour,"Hospital Morgue, a cold hospital morgue with stainless tables, numbered drawers, observation window and humming fluorescent lights, at blue hour, cool exterior ambience, small warm practical lights, layered depth, precise production design and a polished widescreen horror establishing shot, no people present, environment-first composition, highly detailed architecture and surfaces, coherent spatial layout, cinematic depth, polished colour separation, subtle volumetric atmosphere, realistic materials, professional horror production design","people as main subject, visible monster as main subject, graphic gore, modern clutter that contradicts the setting, bright cheerful mood, flat lighting, malformed architecture, impossible perspective, duplicated doors, floating objects, warped signage, invented readable text, watermark, logo, low detail, blur",Original Cinematic Horror,1.0,False
0138 | Original Cinematic Horror/Hospital Morgue — Moonlit Fog,"Hospital Morgue, a cold hospital morgue with stainless tables, numbered drawers, observation window and humming fluorescent lights, under moonlight and drifting fog, strong silhouettes, readable environmental detail, controlled contrast and a quiet supernatural atmosphere, no people present, environment-first composition, highly detailed architecture and surfaces, coherent spatial layout, cinematic depth, polished colour separation, subtle volumetric atmosphere, realistic materials, professional horror production design","people as main subject, visible monster as main subject, graphic gore, modern clutter that contradicts the setting, bright cheerful mood, flat lighting, malformed architecture, impossible perspective, duplicated doors, floating objects, warped signage, invented readable text, watermark, logo, low detail, blur",Original Cinematic Horror,1.0,False
0139 | Original Cinematic Horror/Hospital Morgue — Storm Night,"Hospital Morgue, a cold hospital morgue with stainless tables, numbered drawers, observation window and humming fluorescent lights, during a stormy night, rain or wind appropriate to the setting, intermittent practical light, reflective surfaces and cinematic tension without visible characters, no people present, environment-first composition, highly detailed architecture and surfaces, coherent spatial layout, cinematic depth, polished colour separation, subtle volumetric atmosphere, realistic materials, professional horror production design","people as main subject, visible monster as main subject, graphic gore, modern clutter that contradicts the setting, bright cheerful mood, flat lighting, malformed architecture, impossible perspective, duplicated doors, floating objects, warped signage, invented readable text, watermark, logo, low detail, blur",Original Cinematic Horror,1.0,False
0140 | Original Cinematic Horror/Hospital Morgue — Abandoned Daylight,"Hospital Morgue, a cold hospital morgue with stainless tables, numbered drawers, observation window and humming fluorescent lights, in pale overcast daylight, abandonment clearly visible, authentic wear and material detail, long empty sightlines and unsettling realism rather than darkness alone, no people present, environment-first composition, highly detailed architecture and surfaces, coherent spatial layout, cinematic depth, polished colour separation, subtle volumetric atmosphere, realistic materials, professional horror production design","people as main subject, visible monster as main subject, graphic gore, modern clutter that contradicts the setting, bright cheerful mood, flat lighting, malformed architecture, impossible perspective, duplicated doors, floating objects, warped signage, invented readable text, watermark, logo, low detail, blur",Original Cinematic Horror,1.0,False
0141 | Original Cinematic Horror/Historic Anatomy Theatre — Blue Hour,"Historic Anatomy Theatre, a circular old anatomy theatre with steep timber seating, central table, glass cabinets and high skylight, at blue hour, cool exterior ambience, small warm practical lights, layered depth, precise production design and a polished widescreen horror establishing shot, no people present, environment-first composition, highly detailed architecture and surfaces, coherent spatial layout, cinematic depth, polished colour separation, subtle volumetric atmosphere, realistic materials, professional horror production design","people as main subject, visible monster as main subject, graphic gore, modern clutter that contradicts the setting, bright cheerful mood, flat lighting, malformed architecture, impossible perspective, duplicated doors, floating objects, warped signage, invented readable text, watermark, logo, low detail, blur",Original Cinematic Horror,1.0,False
0142 | Original Cinematic Horror/Historic Anatomy Theatre — Moonlit Fog,"Historic Anatomy Theatre, a circular old anatomy theatre with steep timber seating, central table, glass cabinets and high skylight, under moonlight and drifting fog, strong silhouettes, readable environmental detail, controlled contrast and a quiet supernatural atmosphere, no people present, environment-first composition, highly detailed architecture and surfaces, coherent spatial layout, cinematic depth, polished colour separation, subtle volumetric atmosphere, realistic materials, professional horror production design","people as main subject, visible monster as main subject, graphic gore, modern clutter that contradicts the setting, bright cheerful mood, flat lighting, malformed architecture, impossible perspective, duplicated doors, floating objects, warped signage, invented readable text, watermark, logo, low detail, blur",Original Cinematic Horror,1.0,False
0143 | Original Cinematic Horror/Historic Anatomy Theatre — Storm Night,"Historic Anatomy Theatre, a circular old anatomy theatre with steep timber seating, central table, glass cabinets and high skylight, during a stormy night, rain or wind appropriate to the setting, intermittent practical light, reflective surfaces and cinematic tension without visible characters, no people present, environment-first composition, highly detailed architecture and surfaces, coherent spatial layout, cinematic depth, polished colour separation, subtle volumetric atmosphere, realistic materials, professional horror production design","people as main subject, visible monster as main subject, graphic gore, modern clutter that contradicts the setting, bright cheerful mood, flat lighting, malformed architecture, impossible perspective, duplicated doors, floating objects, warped signage, invented readable text, watermark, logo, low detail, blur",Original Cinematic Horror,1.0,False
0144 | Original Cinematic Horror/Historic Anatomy Theatre — Abandoned Daylight,"Historic Anatomy Theatre, a circular old anatomy theatre with steep timber seating, central table, glass cabinets and high skylight, in pale overcast daylight, abandonment clearly visible, authentic wear and material detail, long empty sightlines and unsettling realism rather than darkness alone, no people present, environment-first composition, highly detailed architecture and surfaces, coherent spatial layout, cinematic depth, polished colour separation, subtle volumetric atmosphere, realistic materials, professional horror production design","people as main subject, visible monster as main subject, graphic gore, modern clutter that contradicts the setting, bright cheerful mood, flat lighting, malformed architecture, impossible perspective, duplicated doors, floating objects, warped signage, invented readable text, watermark, logo, low detail, blur",Original Cinematic Horror,1.0,False
0145 | Original Cinematic Horror/Abandoned Opera House — Blue Hour,"Abandoned Opera House, a ruined opera house with dusty red seats, collapsed boxes, vast stage, fly tower and decaying gold ornament, at blue hour, cool exterior ambience, small warm practical lights, layered depth, precise production design and a polished widescreen horror establishing shot, no people present, environment-first composition, highly detailed architecture and surfaces, coherent spatial layout, cinematic depth, polished colour separation, subtle volumetric atmosphere, realistic materials, professional horror production design","people as main subject, visible monster as main subject, graphic gore, modern clutter that contradicts the setting, bright cheerful mood, flat lighting, malformed architecture, impossible perspective, duplicated doors, floating objects, warped signage, invented readable text, watermark, logo, low detail, blur",Original Cinematic Horror,1.0,False
0146 | Original Cinematic Horror/Abandoned Opera House — Moonlit Fog,"Abandoned Opera House, a ruined opera house with dusty red seats, collapsed boxes, vast stage, fly tower and decaying gold ornament, under moonlight and drifting fog, strong silhouettes, readable environmental detail, controlled contrast and a quiet supernatural atmosphere, no people present, environment-first composition, highly detailed architecture and surfaces, coherent spatial layout, cinematic depth, polished colour separation, subtle volumetric atmosphere, realistic materials, professional horror production design","people as main subject, visible monster as main subject, graphic gore, modern clutter that contradicts the setting, bright cheerful mood, flat lighting, malformed architecture, impossible perspective, duplicated doors, floating objects, warped signage, invented readable text, watermark, logo, low detail, blur",Original Cinematic Horror,1.0,False
0147 | Original Cinematic Horror/Abandoned Opera House — Storm Night,"Abandoned Opera House, a ruined opera house with dusty red seats, collapsed boxes, vast stage, fly tower and decaying gold ornament, during a stormy night, rain or wind appropriate to the setting, intermittent practical light, reflective surfaces and cinematic tension without visible characters, no people present, environment-first composition, highly detailed architecture and surfaces, coherent spatial layout, cinematic depth, polished colour separation, subtle volumetric atmosphere, realistic materials, professional horror production design","people as main subject, visible monster as main subject, graphic gore, modern clutter that contradicts the setting, bright cheerful mood, flat lighting, malformed architecture, impossible perspective, duplicated doors, floating objects, warped signage, invented readable text, watermark, logo, low detail, blur",Original Cinematic Horror,1.0,False
0148 | Original Cinematic Horror/Abandoned Opera House — Abandoned Daylight,"Abandoned Opera House, a ruined opera house with dusty red seats, collapsed boxes, vast stage, fly tower and decaying gold ornament, in pale overcast daylight, abandonment clearly visible, authentic wear and material detail, long empty sightlines and unsettling realism rather than darkness alone, no people present, environment-first composition, highly detailed architecture and surfaces, coherent spatial layout, cinematic depth, polished colour separation, subtle volumetric atmosphere, realistic materials, professional horror production design","people as main subject, visible monster as main subject, graphic gore, modern clutter that contradicts the setting, bright cheerful mood, flat lighting, malformed architecture, impossible perspective, duplicated doors, floating objects, warped signage, invented readable text, watermark, logo, low detail, blur",Original Cinematic Horror,1.0,False
0149 | Original Cinematic Horror/Silent Picture Palace — Blue Hour,"Silent Picture Palace, an abandoned 1920s cinema with velvet curtains, ornate balcony, projection booth and a blank silver screen, at blue hour, cool exterior ambience, small warm practical lights, layered depth, precise production design and a polished widescreen horror establishing shot, no people present, environment-first composition, highly detailed architecture and surfaces, coherent spatial layout, cinematic depth, polished colour separation, subtle volumetric atmosphere, realistic materials, professional horror production design","people as main subject, visible monster as main subject, graphic gore, modern clutter that contradicts the setting, bright cheerful mood, flat lighting, malformed architecture, impossible perspective, duplicated doors, floating objects, warped signage, invented readable text, watermark, logo, low detail, blur",Original Cinematic Horror,1.0,False
0150 | Original Cinematic Horror/Silent Picture Palace — Moonlit Fog,"Silent Picture Palace, an abandoned 1920s cinema with velvet curtains, ornate balcony, projection booth and a blank silver screen, under moonlight and drifting fog, strong silhouettes, readable environmental detail, controlled contrast and a quiet supernatural atmosphere, no people present, environment-first composition, highly detailed architecture and surfaces, coherent spatial layout, cinematic depth, polished colour separation, subtle volumetric atmosphere, realistic materials, professional horror production design","people as main subject, visible monster as main subject, graphic gore, modern clutter that contradicts the setting, bright cheerful mood, flat lighting, malformed architecture, impossible perspective, duplicated doors, floating objects, warped signage, invented readable text, watermark, logo, low detail, blur",Original Cinematic Horror,1.0,False
0151 | Original Cinematic Horror/Silent Picture Palace — Storm Night,"Silent Picture Palace, an abandoned 1920s cinema with velvet curtains, ornate balcony, projection booth and a blank silver screen, during a stormy night, rain or wind appropriate to the setting, intermittent practical light, reflective surfaces and cinematic tension without visible characters, no people present, environment-first composition, highly detailed architecture and surfaces, coherent spatial layout, cinematic depth, polished colour separation, subtle volumetric atmosphere, realistic materials, professional horror production design","people as main subject, visible monster as main subject, graphic gore, modern clutter that contradicts the setting, bright cheerful mood, flat lighting, malformed architecture, impossible perspective, duplicated doors, floating objects, warped signage, invented readable text, watermark, logo, low detail, blur",Original Cinematic Horror,1.0,False
0152 | Original Cinematic Horror/Silent Picture Palace — Abandoned Daylight,"Silent Picture Palace, an abandoned 1920s cinema with velvet curtains, ornate balcony, projection booth and a blank silver screen, in pale overcast daylight, abandonment clearly visible, authentic wear and material detail, long empty sightlines and unsettling realism rather than darkness alone, no people present, environment-first composition, highly detailed architecture and surfaces, coherent spatial layout, cinematic depth, polished colour separation, subtle volumetric atmosphere, realistic materials, professional horror production design","people as main subject, visible monster as main subject, graphic gore, modern clutter that contradicts the setting, bright cheerful mood, flat lighting, malformed architecture, impossible perspective, duplicated doors, floating objects, warped signage, invented readable text, watermark, logo, low detail, blur",Original Cinematic Horror,1.0,False
0153 | Original Cinematic Horror/Backstage Dressing Rooms — Blue Hour,"Backstage Dressing Rooms, a labyrinth of theatre dressing rooms with cracked mirrors, costume racks, narrow corridors and work lights, at blue hour, cool exterior ambience, small warm practical lights, layered depth, precise production design and a polished widescreen horror establishing shot, no people present, environment-first composition, highly detailed architecture and surfaces, coherent spatial layout, cinematic depth, polished colour separation, subtle volumetric atmosphere, realistic materials, professional horror production design","people as main subject, visible monster as main subject, graphic gore, modern clutter that contradicts the setting, bright cheerful mood, flat lighting, malformed architecture, impossible perspective, duplicated doors, floating objects, warped signage, invented readable text, watermark, logo, low detail, blur",Original Cinematic Horror,1.0,False
0154 | Original Cinematic Horror/Backstage Dressing Rooms — Moonlit Fog,"Backstage Dressing Rooms, a labyrinth of theatre dressing rooms with cracked mirrors, costume racks, narrow corridors and work lights, under moonlight and drifting fog, strong silhouettes, readable environmental detail, controlled contrast and a quiet supernatural atmosphere, no people present, environment-first composition, highly detailed architecture and surfaces, coherent spatial layout, cinematic depth, polished colour separation, subtle volumetric atmosphere, realistic materials, professional horror production design","people as main subject, visible monster as main subject, graphic gore, modern clutter that contradicts the setting, bright cheerful mood, flat lighting, malformed architecture, impossible perspective, duplicated doors, floating objects, warped signage, invented readable text, watermark, logo, low detail, blur",Original Cinematic Horror,1.0,False
0155 | Original Cinematic Horror/Backstage Dressing Rooms — Storm Night,"Backstage Dressing Rooms, a labyrinth of theatre dressing rooms with cracked mirrors, costume racks, narrow corridors and work lights, during a stormy night, rain or wind appropriate to the setting, intermittent practical light, reflective surfaces and cinematic tension without visible characters, no people present, environment-first composition, highly detailed architecture and surfaces, coherent spatial layout, cinematic depth, polished colour separation, subtle volumetric atmosphere, realistic materials, professional horror production design","people as main subject, visible monster as main subject, graphic gore, modern clutter that contradicts the setting, bright cheerful mood, flat lighting, malformed architecture, impossible perspective, duplicated doors, floating objects, warped signage, invented readable text, watermark, logo, low detail, blur",Original Cinematic Horror,1.0,False
0156 | Original Cinematic Horror/Backstage Dressing Rooms — Abandoned Daylight,"Backstage Dressing Rooms, a labyrinth of theatre dressing rooms with cracked mirrors, costume racks, narrow corridors and work lights, in pale overcast daylight, abandonment clearly visible, authentic wear and material detail, long empty sightlines and unsettling realism rather than darkness alone, no people present, environment-first composition, highly detailed architecture and surfaces, coherent spatial layout, cinematic depth, polished colour separation, subtle volumetric atmosphere, realistic materials, professional horror production design","people as main subject, visible monster as main subject, graphic gore, modern clutter that contradicts the setting, bright cheerful mood, flat lighting, malformed architecture, impossible perspective, duplicated doors, floating objects, warped signage, invented readable text, watermark, logo, low detail, blur",Original Cinematic Horror,1.0,False
0157 | Original Cinematic Horror/Analogue Television Studio — Blue Hour,"Analogue Television Studio, a deserted late-night television studio with old cameras, empty audience seating, control booth and colour-bar monitors, at blue hour, cool exterior ambience, small warm practical lights, layered depth, precise production design and a polished widescreen horror establishing shot, no people present, environment-first composition, highly detailed architecture and surfaces, coherent spatial layout, cinematic depth, polished colour separation, subtle volumetric atmosphere, realistic materials, professional horror production design","people as main subject, visible monster as main subject, graphic gore, modern clutter that contradicts the setting, bright cheerful mood, flat lighting, malformed architecture, impossible perspective, duplicated doors, floating objects, warped signage, invented readable text, watermark, logo, low detail, blur",Original Cinematic Horror,1.0,False
0158 | Original Cinematic Horror/Analogue Television Studio — Moonlit Fog,"Analogue Television Studio, a deserted late-night television studio with old cameras, empty audience seating, control booth and colour-bar monitors, under moonlight and drifting fog, strong silhouettes, readable environmental detail, controlled contrast and a quiet supernatural atmosphere, no people present, environment-first composition, highly detailed architecture and surfaces, coherent spatial layout, cinematic depth, polished colour separation, subtle volumetric atmosphere, realistic materials, professional horror production design","people as main subject, visible monster as main subject, graphic gore, modern clutter that contradicts the setting, bright cheerful mood, flat lighting, malformed architecture, impossible perspective, duplicated doors, floating objects, warped signage, invented readable text, watermark, logo, low detail, blur",Original Cinematic Horror,1.0,False
0159 | Original Cinematic Horror/Analogue Television Studio — Storm Night,"Analogue Television Studio, a deserted late-night television studio with old cameras, empty audience seating, control booth and colour-bar monitors, during a stormy night, rain or wind appropriate to the setting, intermittent practical light, reflective surfaces and cinematic tension without visible characters, no people present, environment-first composition, highly detailed architecture and surfaces, coherent spatial layout, cinematic depth, polished colour separation, subtle volumetric atmosphere, realistic materials, professional horror production design","people as main subject, visible monster as main subject, graphic gore, modern clutter that contradicts the setting, bright cheerful mood, flat lighting, malformed architecture, impossible perspective, duplicated doors, floating objects, warped signage, invented readable text, watermark, logo, low detail, blur",Original Cinematic Horror,1.0,False
0160 | Original Cinematic Horror/Analogue Television Studio — Abandoned Daylight,"Analogue Television Studio, a deserted late-night television studio with old cameras, empty audience seating, control booth and colour-bar monitors, in pale overcast daylight, abandonment clearly visible, authentic wear and material detail, long empty sightlines and unsettling realism rather than darkness alone, no people present, environment-first composition, highly detailed architecture and surfaces, coherent spatial layout, cinematic depth, polished colour separation, subtle volumetric atmosphere, realistic materials, professional horror production design","people as main subject, visible monster as main subject, graphic gore, modern clutter that contradicts the setting, bright cheerful mood, flat lighting, malformed architecture, impossible perspective, duplicated doors, floating objects, warped signage, invented readable text, watermark, logo, low detail, blur",Original Cinematic Horror,1.0,False
0161 | Original Cinematic Horror/Local Radio Station at Night — Blue Hour,"Local Radio Station at Night, a small isolated radio station with soundproof booth, mixing desk, red on-air lamp and dark windows, at blue hour, cool exterior ambience, small warm practical lights, layered depth, precise production design and a polished widescreen horror establishing shot, no people present, environment-first composition, highly detailed architecture and surfaces, coherent spatial layout, cinematic depth, polished colour separation, subtle volumetric atmosphere, realistic materials, professional horror production design","people as main subject, visible monster as main subject, graphic gore, modern clutter that contradicts the setting, bright cheerful mood, flat lighting, malformed architecture, impossible perspective, duplicated doors, floating objects, warped signage, invented readable text, watermark, logo, low detail, blur",Original Cinematic Horror,1.0,False
0162 | Original Cinematic Horror/Local Radio Station at Night — Moonlit Fog,"Local Radio Station at Night, a small isolated radio station with soundproof booth, mixing desk, red on-air lamp and dark windows, under moonlight and drifting fog, strong silhouettes, readable environmental detail, controlled contrast and a quiet supernatural atmosphere, no people present, environment-first composition, highly detailed architecture and surfaces, coherent spatial layout, cinematic depth, polished colour separation, subtle volumetric atmosphere, realistic materials, professional horror production design","people as main subject, visible monster as main subject, graphic gore, modern clutter that contradicts the setting, bright cheerful mood, flat lighting, malformed architecture, impossible perspective, duplicated doors, floating objects, warped signage, invented readable text, watermark, logo, low detail, blur",Original Cinematic Horror,1.0,False
0163 | Original Cinematic Horror/Local Radio Station at Night — Storm Night,"Local Radio Station at Night, a small isolated radio station with soundproof booth, mixing desk, red on-air lamp and dark windows, during a stormy night, rain or wind appropriate to the setting, intermittent practical light, reflective surfaces and cinematic tension without visible characters, no people present, environment-first composition, highly detailed architecture and surfaces, coherent spatial layout, cinematic depth, polished colour separation, subtle volumetric atmosphere, realistic materials, professional horror production design","people as main subject, visible monster as main subject, graphic gore, modern clutter that contradicts the setting, bright cheerful mood, flat lighting, malformed architecture, impossible perspective, duplicated doors, floating objects, warped signage, invented readable text, watermark, logo, low detail, blur",Original Cinematic Horror,1.0,False
0164 | Original Cinematic Horror/Local Radio Station at Night — Abandoned Daylight,"Local Radio Station at Night, a small isolated radio station with soundproof booth, mixing desk, red on-air lamp and dark windows, in pale overcast daylight, abandonment clearly visible, authentic wear and material detail, long empty sightlines and unsettling realism rather than darkness alone, no people present, environment-first composition, highly detailed architecture and surfaces, coherent spatial layout, cinematic depth, polished colour separation, subtle volumetric atmosphere, realistic materials, professional horror production design","people as main subject, visible monster as main subject, graphic gore, modern clutter that contradicts the setting, bright cheerful mood, flat lighting, malformed architecture, impossible perspective, duplicated doors, floating objects, warped signage, invented readable text, watermark, logo, low detail, blur",Original Cinematic Horror,1.0,False
0165 | Original Cinematic Horror/Cold War Bunker — Blue Hour,"Cold War Bunker, an underground civil-defence bunker with map room, steel blast doors, dormitory bunks and stale emergency lighting, at blue hour, cool exterior ambience, small warm practical lights, layered depth, precise production design and a polished widescreen horror establishing shot, no people present, environment-first composition, highly detailed architecture and surfaces, coherent spatial layout, cinematic depth, polished colour separation, subtle volumetric atmosphere, realistic materials, professional horror production design","people as main subject, visible monster as main subject, graphic gore, modern clutter that contradicts the setting, bright cheerful mood, flat lighting, malformed architecture, impossible perspective, duplicated doors, floating objects, warped signage, invented readable text, watermark, logo, low detail, blur",Original Cinematic Horror,1.0,False
0166 | Original Cinematic Horror/Cold War Bunker — Moonlit Fog,"Cold War Bunker, an underground civil-defence bunker with map room, steel blast doors, dormitory bunks and stale emergency lighting, under moonlight and drifting fog, strong silhouettes, readable environmental detail, controlled contrast and a quiet supernatural atmosphere, no people present, environment-first composition, highly detailed architecture and surfaces, coherent spatial layout, cinematic depth, polished colour separation, subtle volumetric atmosphere, realistic materials, professional horror production design","people as main subject, visible monster as main subject, graphic gore, modern clutter that contradicts the setting, bright cheerful mood, flat lighting, malformed architecture, impossible perspective, duplicated doors, floating objects, warped signage, invented readable text, watermark, logo, low detail, blur",Original Cinematic Horror,1.0,False
0167 | Original Cinematic Horror/Cold War Bunker — Storm Night,"Cold War Bunker, an underground civil-defence bunker with map room, steel blast doors, dormitory bunks and stale emergency lighting, during a stormy night, rain or wind appropriate to the setting, intermittent practical light, reflective surfaces and cinematic tension without visible characters, no people present, environment-first composition, highly detailed architecture and surfaces, coherent spatial layout, cinematic depth, polished colour separation, subtle volumetric atmosphere, realistic materials, professional horror production design","people as main subject, visible monster as main subject, graphic gore, modern clutter that contradicts the setting, bright cheerful mood, flat lighting, malformed architecture, impossible perspective, duplicated doors, floating objects, warped signage, invented readable text, watermark, logo, low detail, blur",Original Cinematic Horror,1.0,False
0168 | Original Cinematic Horror/Cold War Bunker — Abandoned Daylight,"Cold War Bunker, an underground civil-defence bunker with map room, steel blast doors, dormitory bunks and stale emergency lighting, in pale overcast daylight, abandonment clearly visible, authentic wear and material detail, long empty sightlines and unsettling realism rather than darkness alone, no people present, environment-first composition, highly detailed architecture and surfaces, coherent spatial layout, cinematic depth, polished colour separation, subtle volumetric atmosphere, realistic materials, professional horror production design","people as main subject, visible monster as main subject, graphic gore, modern clutter that contradicts the setting, bright cheerful mood, flat lighting, malformed architecture, impossible perspective, duplicated doors, floating objects, warped signage, invented readable text, watermark, logo, low detail, blur",Original Cinematic Horror,1.0,False
0169 | Original Cinematic Horror/Abandoned Research Laboratory — Blue Hour,"Abandoned Research Laboratory, a sealed government laboratory with observation glass, containment rooms, specimen freezers and emergency decontamination corridor, at blue hour, cool exterior ambience, small warm practical lights, layered depth, precise production design and a polished widescreen horror establishing shot, no people present, environment-first composition, highly detailed architecture and surfaces, coherent spatial layout, cinematic depth, polished colour separation, subtle volumetric atmosphere, realistic materials, professional horror production design","people as main subject, visible monster as main subject, graphic gore, modern clutter that contradicts the setting, bright cheerful mood, flat lighting, malformed architecture, impossible perspective, duplicated doors, floating objects, warped signage, invented readable text, watermark, logo, low detail, blur",Original Cinematic Horror,1.0,False
0170 | Original Cinematic Horror/Abandoned Research Laboratory — Moonlit Fog,"Abandoned Research Laboratory, a sealed government laboratory with observation glass, containment rooms, specimen freezers and emergency decontamination corridor, under moonlight and drifting fog, strong silhouettes, readable environmental detail, controlled contrast and a quiet supernatural atmosphere, no people present, environment-first composition, highly detailed architecture and surfaces, coherent spatial layout, cinematic depth, polished colour separation, subtle volumetric atmosphere, realistic materials, professional horror production design","people as main subject, visible monster as main subject, graphic gore, modern clutter that contradicts the setting, bright cheerful mood, flat lighting, malformed architecture, impossible perspective, duplicated doors, floating objects, warped signage, invented readable text, watermark, logo, low detail, blur",Original Cinematic Horror,1.0,False
0171 | Original Cinematic Horror/Abandoned Research Laboratory — Storm Night,"Abandoned Research Laboratory, a sealed government laboratory with observation glass, containment rooms, specimen freezers and emergency decontamination corridor, during a stormy night, rain or wind appropriate to the setting, intermittent practical light, reflective surfaces and cinematic tension without visible characters, no people present, environment-first composition, highly detailed architecture and surfaces, coherent spatial layout, cinematic depth, polished colour separation, subtle volumetric atmosphere, realistic materials, professional horror production design","people as main subject, visible monster as main subject, graphic gore, modern clutter that contradicts the setting, bright cheerful mood, flat lighting, malformed architecture, impossible perspective, duplicated doors, floating objects, warped signage, invented readable text, watermark, logo, low detail, blur",Original Cinematic Horror,1.0,False
0172 | Original Cinematic Horror/Abandoned Research Laboratory — Abandoned Daylight,"Abandoned Research Laboratory, a sealed government laboratory with observation glass, containment rooms, specimen freezers and emergency decontamination corridor, in pale overcast daylight, abandonment clearly visible, authentic wear and material detail, long empty sightlines and unsettling realism rather than darkness alone, no people present, environment-first composition, highly detailed architecture and surfaces, coherent spatial layout, cinematic depth, polished colour separation, subtle volumetric atmosphere, realistic materials, professional horror production design","people as main subject, visible monster as main subject, graphic gore, modern clutter that contradicts the setting, bright cheerful mood, flat lighting, malformed architecture, impossible perspective, duplicated doors, floating objects, warped signage, invented readable text, watermark, logo, low detail, blur",Original Cinematic Horror,1.0,False
0173 | Science-Fiction Horror/Derelict Cargo Spaceship — Blue Hour,"Derelict Cargo Spaceship, an abandoned industrial cargo ship drifting in space, powerless bridge, frost-covered corridors and emergency beacons, at blue hour, cool exterior ambience, small warm practical lights, layered depth, precise production design and a polished widescreen horror establishing shot, no people present, environment-first composition, highly detailed architecture and surfaces, coherent spatial layout, cinematic depth, polished colour separation, subtle volumetric atmosphere, realistic materials, professional horror production design","people as main subject, visible monster as main subject, graphic gore, modern clutter that contradicts the setting, bright cheerful mood, flat lighting, malformed architecture, impossible perspective, duplicated doors, floating objects, warped signage, invented readable text, watermark, logo, low detail, blur",Science-Fiction Horror,1.0,False
0174 | Science-Fiction Horror/Derelict Cargo Spaceship — Moonlit Fog,"Derelict Cargo Spaceship, an abandoned industrial cargo ship drifting in space, powerless bridge, frost-covered corridors and emergency beacons, under moonlight and drifting fog, strong silhouettes, readable environmental detail, controlled contrast and a quiet supernatural atmosphere, no people present, environment-first composition, highly detailed architecture and surfaces, coherent spatial layout, cinematic depth, polished colour separation, subtle volumetric atmosphere, realistic materials, professional horror production design","people as main subject, visible monster as main subject, graphic gore, modern clutter that contradicts the setting, bright cheerful mood, flat lighting, malformed architecture, impossible perspective, duplicated doors, floating objects, warped signage, invented readable text, watermark, logo, low detail, blur",Science-Fiction Horror,1.0,False
0175 | Science-Fiction Horror/Derelict Cargo Spaceship — Storm Night,"Derelict Cargo Spaceship, an abandoned industrial cargo ship drifting in space, powerless bridge, frost-covered corridors and emergency beacons, during a stormy night, rain or wind appropriate to the setting, intermittent practical light, reflective surfaces and cinematic tension without visible characters, no people present, environment-first composition, highly detailed architecture and surfaces, coherent spatial layout, cinematic depth, polished colour separation, subtle volumetric atmosphere, realistic materials, professional horror production design","people as main subject, visible monster as main subject, graphic gore, modern clutter that contradicts the setting, bright cheerful mood, flat lighting, malformed architecture, impossible perspective, duplicated doors, floating objects, warped signage, invented readable text, watermark, logo, low detail, blur",Science-Fiction Horror,1.0,False
0176 | Science-Fiction Horror/Derelict Cargo Spaceship — Abandoned Daylight,"Derelict Cargo Spaceship, an abandoned industrial cargo ship drifting in space, powerless bridge, frost-covered corridors and emergency beacons, in pale overcast daylight, abandonment clearly visible, authentic wear and material detail, long empty sightlines and unsettling realism rather than darkness alone, no people present, environment-first composition, highly detailed architecture and surfaces, coherent spatial layout, cinematic depth, polished colour separation, subtle volumetric atmosphere, realistic materials, professional horror production design","people as main subject, visible monster as main subject, graphic gore, modern clutter that contradicts the setting, bright cheerful mood, flat lighting, malformed architecture, impossible perspective, duplicated doors, floating objects, warped signage, invented readable text, watermark, logo, low detail, blur",Science-Fiction Horror,1.0,False
0177 | Science-Fiction Horror/Dark Lunar Base — Blue Hour,"Dark Lunar Base, a damaged lunar research base, dust-covered airlocks, habitat modules, observation dome and Earth hanging beyond the glass, at blue hour, cool exterior ambience, small warm practical lights, layered depth, precise production design and a polished widescreen horror establishing shot, no people present, environment-first composition, highly detailed architecture and surfaces, coherent spatial layout, cinematic depth, polished colour separation, subtle volumetric atmosphere, realistic materials, professional horror production design","people as main subject, visible monster as main subject, graphic gore, modern clutter that contradicts the setting, bright cheerful mood, flat lighting, malformed architecture, impossible perspective, duplicated doors, floating objects, warped signage, invented readable text, watermark, logo, low detail, blur",Science-Fiction Horror,1.0,False
0178 | Science-Fiction Horror/Dark Lunar Base — Moonlit Fog,"Dark Lunar Base, a damaged lunar research base, dust-covered airlocks, habitat modules, observation dome and Earth hanging beyond the glass, under moonlight and drifting fog, strong silhouettes, readable environmental detail, controlled contrast and a quiet supernatural atmosphere, no people present, environment-first composition, highly detailed architecture and surfaces, coherent spatial layout, cinematic depth, polished colour separation, subtle volumetric atmosphere, realistic materials, professional horror production design","people as main subject, visible monster as main subject, graphic gore, modern clutter that contradicts the setting, bright cheerful mood, flat lighting, malformed architecture, impossible perspective, duplicated doors, floating objects, warped signage, invented readable text, watermark, logo, low detail, blur",Science-Fiction Horror,1.0,False
0179 | Science-Fiction Horror/Dark Lunar Base — Storm Night,"Dark Lunar Base, a damaged lunar research base, dust-covered airlocks, habitat modules, observation dome and Earth hanging beyond the glass, during a stormy night, rain or wind appropriate to the setting, intermittent practical light, reflective surfaces and cinematic tension without visible characters, no people present, environment-first composition, highly detailed architecture and surfaces, coherent spatial layout, cinematic depth, polished colour separation, subtle volumetric atmosphere, realistic materials, professional horror production design","people as main subject, visible monster as main subject, graphic gore, modern clutter that contradicts the setting, bright cheerful mood, flat lighting, malformed architecture, impossible perspective, duplicated doors, floating objects, warped signage, invented readable text, watermark, logo, low detail, blur",Science-Fiction Horror,1.0,False
0180 | Science-Fiction Horror/Dark Lunar Base — Abandoned Daylight,"Dark Lunar Base, a damaged lunar research base, dust-covered airlocks, habitat modules, observation dome and Earth hanging beyond the glass, in pale overcast daylight, abandonment clearly visible, authentic wear and material detail, long empty sightlines and unsettling realism rather than darkness alone, no people present, environment-first composition, highly detailed architecture and surfaces, coherent spatial layout, cinematic depth, polished colour separation, subtle volumetric atmosphere, realistic materials, professional horror production design","people as main subject, visible monster as main subject, graphic gore, modern clutter that contradicts the setting, bright cheerful mood, flat lighting, malformed architecture, impossible perspective, duplicated doors, floating objects, warped signage, invented readable text, watermark, logo, low detail, blur",Science-Fiction Horror,1.0,False
0181 | Science-Fiction Horror/Deep-Sea Research Station — Blue Hour,"Deep-Sea Research Station, a failing underwater station with pressure doors, wet corridors, sonar room and black ocean pressing against thick windows, at blue hour, cool exterior ambience, small warm practical lights, layered depth, precise production design and a polished widescreen horror establishing shot, no people present, environment-first composition, highly detailed architecture and surfaces, coherent spatial layout, cinematic depth, polished colour separation, subtle volumetric atmosphere, realistic materials, professional horror production design","people as main subject, visible monster as main subject, graphic gore, modern clutter that contradicts the setting, bright cheerful mood, flat lighting, malformed architecture, impossible perspective, duplicated doors, floating objects, warped signage, invented readable text, watermark, logo, low detail, blur",Science-Fiction Horror,1.0,False
0182 | Science-Fiction Horror/Deep-Sea Research Station — Moonlit Fog,"Deep-Sea Research Station, a failing underwater station with pressure doors, wet corridors, sonar room and black ocean pressing against thick windows, under moonlight and drifting fog, strong silhouettes, readable environmental detail, controlled contrast and a quiet supernatural atmosphere, no people present, environment-first composition, highly detailed architecture and surfaces, coherent spatial layout, cinematic depth, polished colour separation, subtle volumetric atmosphere, realistic materials, professional horror production design","people as main subject, visible monster as main subject, graphic gore, modern clutter that contradicts the setting, bright cheerful mood, flat lighting, malformed architecture, impossible perspective, duplicated doors, floating objects, warped signage, invented readable text, watermark, logo, low detail, blur",Science-Fiction Horror,1.0,False
0183 | Science-Fiction Horror/Deep-Sea Research Station — Storm Night,"Deep-Sea Research Station, a failing underwater station with pressure doors, wet corridors, sonar room and black ocean pressing against thick windows, during a stormy night, rain or wind appropriate to the setting, intermittent practical light, reflective surfaces and cinematic tension without visible characters, no people present, environment-first composition, highly detailed architecture and surfaces, coherent spatial layout, cinematic depth, polished colour separation, subtle volumetric atmosphere, realistic materials, professional horror production design","people as main subject, visible monster as main subject, graphic gore, modern clutter that contradicts the setting, bright cheerful mood, flat lighting, malformed architecture, impossible perspective, duplicated doors, floating objects, warped signage, invented readable text, watermark, logo, low detail, blur",Science-Fiction Horror,1.0,False
0184 | Science-Fiction Horror/Deep-Sea Research Station — Abandoned Daylight,"Deep-Sea Research Station, a failing underwater station with pressure doors, wet corridors, sonar room and black ocean pressing against thick windows, in pale overcast daylight, abandonment clearly visible, authentic wear and material detail, long empty sightlines and unsettling realism rather than darkness alone, no people present, environment-first composition, highly detailed architecture and surfaces, coherent spatial layout, cinematic depth, polished colour separation, subtle volumetric atmosphere, realistic materials, professional horror production design","people as main subject, visible monster as main subject, graphic gore, modern clutter that contradicts the setting, bright cheerful mood, flat lighting, malformed architecture, impossible perspective, duplicated doors, floating objects, warped signage, invented readable text, watermark, logo, low detail, blur",Science-Fiction Horror,1.0,False
0185 | Original Cinematic Horror/Storm Lighthouse — Blue Hour,"Storm Lighthouse, an isolated lighthouse on black rocks, spiral stair, keeper’s room, generator shed and violent sea spray, at blue hour, cool exterior ambience, small warm practical lights, layered depth, precise production design and a polished widescreen horror establishing shot, no people present, environment-first composition, highly detailed architecture and surfaces, coherent spatial layout, cinematic depth, polished colour separation, subtle volumetric atmosphere, realistic materials, professional horror production design","people as main subject, visible monster as main subject, graphic gore, modern clutter that contradicts the setting, bright cheerful mood, flat lighting, malformed architecture, impossible perspective, duplicated doors, floating objects, warped signage, invented readable text, watermark, logo, low detail, blur",Original Cinematic Horror,1.0,False
0186 | Original Cinematic Horror/Storm Lighthouse — Moonlit Fog,"Storm Lighthouse, an isolated lighthouse on black rocks, spiral stair, keeper’s room, generator shed and violent sea spray, under moonlight and drifting fog, strong silhouettes, readable environmental detail, controlled contrast and a quiet supernatural atmosphere, no people present, environment-first composition, highly detailed architecture and surfaces, coherent spatial layout, cinematic depth, polished colour separation, subtle volumetric atmosphere, realistic materials, professional horror production design","people as main subject, visible monster as main subject, graphic gore, modern clutter that contradicts the setting, bright cheerful mood, flat lighting, malformed architecture, impossible perspective, duplicated doors, floating objects, warped signage, invented readable text, watermark, logo, low detail, blur",Original Cinematic Horror,1.0,False
0187 | Original Cinematic Horror/Storm Lighthouse — Storm Night,"Storm Lighthouse, an isolated lighthouse on black rocks, spiral stair, keeper’s room, generator shed and violent sea spray, during a stormy night, rain or wind appropriate to the setting, intermittent practical light, reflective surfaces and cinematic tension without visible characters, no people present, environment-first composition, highly detailed architecture and surfaces, coherent spatial layout, cinematic depth, polished colour separation, subtle volumetric atmosphere, realistic materials, professional horror production design","people as main subject, visible monster as main subject, graphic gore, modern clutter that contradicts the setting, bright cheerful mood, flat lighting, malformed architecture, impossible perspective, duplicated doors, floating objects, warped signage, invented readable text, watermark, logo, low detail, blur",Original Cinematic Horror,1.0,False
0188 | Original Cinematic Horror/Storm Lighthouse — Abandoned Daylight,"Storm Lighthouse, an isolated lighthouse on black rocks, spiral stair, keeper’s room, generator shed and violent sea spray, in pale overcast daylight, abandonment clearly visible, authentic wear and material detail, long empty sightlines and unsettling realism rather than darkness alone, no people present, environment-first composition, highly detailed architecture and surfaces, coherent spatial layout, cinematic depth, polished colour separation, subtle volumetric atmosphere, realistic materials, professional horror production design","people as main subject, visible monster as main subject, graphic gore, modern clutter that contradicts the setting, bright cheerful mood, flat lighting, malformed architecture, impossible perspective, duplicated doors, floating objects, warped signage, invented readable text, watermark, logo, low detail, blur",Original Cinematic Horror,1.0,False
0189 | Original Cinematic Horror/Marsh Boardwalk — Blue Hour,"Marsh Boardwalk, a narrow timber boardwalk through dark marsh reeds, stagnant water, abandoned bird hide and heavy coastal mist, at blue hour, cool exterior ambience, small warm practical lights, layered depth, precise production design and a polished widescreen horror establishing shot, no people present, environment-first composition, highly detailed architecture and surfaces, coherent spatial layout, cinematic depth, polished colour separation, subtle volumetric atmosphere, realistic materials, professional horror production design","people as main subject, visible monster as main subject, graphic gore, modern clutter that contradicts the setting, bright cheerful mood, flat lighting, malformed architecture, impossible perspective, duplicated doors, floating objects, warped signage, invented readable text, watermark, logo, low detail, blur",Original Cinematic Horror,1.0,False
0190 | Original Cinematic Horror/Marsh Boardwalk — Moonlit Fog,"Marsh Boardwalk, a narrow timber boardwalk through dark marsh reeds, stagnant water, abandoned bird hide and heavy coastal mist, under moonlight and drifting fog, strong silhouettes, readable environmental detail, controlled contrast and a quiet supernatural atmosphere, no people present, environment-first composition, highly detailed architecture and surfaces, coherent spatial layout, cinematic depth, polished colour separation, subtle volumetric atmosphere, realistic materials, professional horror production design","people as main subject, visible monster as main subject, graphic gore, modern clutter that contradicts the setting, bright cheerful mood, flat lighting, malformed architecture, impossible perspective, duplicated doors, floating objects, warped signage, invented readable text, watermark, logo, low detail, blur",Original Cinematic Horror,1.0,False
0191 | Original Cinematic Horror/Marsh Boardwalk — Storm Night,"Marsh Boardwalk, a narrow timber boardwalk through dark marsh reeds, stagnant water, abandoned bird hide and heavy coastal mist, during a stormy night, rain or wind appropriate to the setting, intermittent practical light, reflective surfaces and cinematic tension without visible characters, no people present, environment-first composition, highly detailed architecture and surfaces, coherent spatial layout, cinematic depth, polished colour separation, subtle volumetric atmosphere, realistic materials, professional horror production design","people as main subject, visible monster as main subject, graphic gore, modern clutter that contradicts the setting, bright cheerful mood, flat lighting, malformed architecture, impossible perspective, duplicated doors, floating objects, warped signage, invented readable text, watermark, logo, low detail, blur",Original Cinematic Horror,1.0,False
0192 | Original Cinematic Horror/Marsh Boardwalk — Abandoned Daylight,"Marsh Boardwalk, a narrow timber boardwalk through dark marsh reeds, stagnant water, abandoned bird hide and heavy coastal mist, in pale overcast daylight, abandonment clearly visible, authentic wear and material detail, long empty sightlines and unsettling realism rather than darkness alone, no people present, environment-first composition, highly detailed architecture and surfaces, coherent spatial layout, cinematic depth, polished colour separation, subtle volumetric atmosphere, realistic materials, professional horror production design","people as main subject, visible monster as main subject, graphic gore, modern clutter that contradicts the setting, bright cheerful mood, flat lighting, malformed architecture, impossible perspective, duplicated doors, floating objects, warped signage, invented readable text, watermark, logo, low detail, blur",Original Cinematic Horror,1.0,False
0193 | Original Cinematic Horror/Swamp Cabin — Blue Hour,"Swamp Cabin, a raised wooden cabin deep in a southern swamp, boat dock, hanging moss, screened porch and muddy water beneath, at blue hour, cool exterior ambience, small warm practical lights, layered depth, precise production design and a polished widescreen horror establishing shot, no people present, environment-first composition, highly detailed architecture and surfaces, coherent spatial layout, cinematic depth, polished colour separation, subtle volumetric atmosphere, realistic materials, professional horror production design","people as main subject, visible monster as main subject, graphic gore, modern clutter that contradicts the setting, bright cheerful mood, flat lighting, malformed architecture, impossible perspective, duplicated doors, floating objects, warped signage, invented readable text, watermark, logo, low detail, blur",Original Cinematic Horror,1.0,False
0194 | Original Cinematic Horror/Swamp Cabin — Moonlit Fog,"Swamp Cabin, a raised wooden cabin deep in a southern swamp, boat dock, hanging moss, screened porch and muddy water beneath, under moonlight and drifting fog, strong silhouettes, readable environmental detail, controlled contrast and a quiet supernatural atmosphere, no people present, environment-first composition, highly detailed architecture and surfaces, coherent spatial layout, cinematic depth, polished colour separation, subtle volumetric atmosphere, realistic materials, professional horror production design","people as main subject, visible monster as main subject, graphic gore, modern clutter that contradicts the setting, bright cheerful mood, flat lighting, malformed architecture, impossible perspective, duplicated doors, floating objects, warped signage, invented readable text, watermark, logo, low detail, blur",Original Cinematic Horror,1.0,False
0195 | Original Cinematic Horror/Swamp Cabin — Storm Night,"Swamp Cabin, a raised wooden cabin deep in a southern swamp, boat dock, hanging moss, screened porch and muddy water beneath, during a stormy night, rain or wind appropriate to the setting, intermittent practical light, reflective surfaces and cinematic tension without visible characters, no people present, environment-first composition, highly detailed architecture and surfaces, coherent spatial layout, cinematic depth, polished colour separation, subtle volumetric atmosphere, realistic materials, professional horror production design","people as main subject, visible monster as main subject, graphic gore, modern clutter that contradicts the setting, bright cheerful mood, flat lighting, malformed architecture, impossible perspective, duplicated doors, floating objects, warped signage, invented readable text, watermark, logo, low detail, blur",Original Cinematic Horror,1.0,False
0196 | Original Cinematic Horror/Swamp Cabin — Abandoned Daylight,"Swamp Cabin, a raised wooden cabin deep in a southern swamp, boat dock, hanging moss, screened porch and muddy water beneath, in pale overcast daylight, abandonment clearly visible, authentic wear and material detail, long empty sightlines and unsettling realism rather than darkness alone, no people present, environment-first composition, highly detailed architecture and surfaces, coherent spatial layout, cinematic depth, polished colour separation, subtle volumetric atmosphere, realistic materials, professional horror production design","people as main subject, visible monster as main subject, graphic gore, modern clutter that contradicts the setting, bright cheerful mood, flat lighting, malformed architecture, impossible perspective, duplicated doors, floating objects, warped signage, invented readable text, watermark, logo, low detail, blur",Original Cinematic Horror,1.0,False
0197 | Gothic Horror/Ruined Abbey Crypt — Blue Hour,"Ruined Abbey Crypt, a collapsed medieval abbey with underground crypt, broken effigies, root-filled stairs and moonlit cloister, at blue hour, cool exterior ambience, small warm practical lights, layered depth, precise production design and a polished widescreen horror establishing shot, no people present, environment-first composition, highly detailed architecture and surfaces, coherent spatial layout, cinematic depth, polished colour separation, subtle volumetric atmosphere, realistic materials, professional horror production design","people as main subject, visible monster as main subject, graphic gore, modern clutter that contradicts the setting, bright cheerful mood, flat lighting, malformed architecture, impossible perspective, duplicated doors, floating objects, warped signage, invented readable text, watermark, logo, low detail, blur",Gothic Horror,1.0,False
0198 | Gothic Horror/Ruined Abbey Crypt — Moonlit Fog,"Ruined Abbey Crypt, a collapsed medieval abbey with underground crypt, broken effigies, root-filled stairs and moonlit cloister, under moonlight and drifting fog, strong silhouettes, readable environmental detail, controlled contrast and a quiet supernatural atmosphere, no people present, environment-first composition, highly detailed architecture and surfaces, coherent spatial layout, cinematic depth, polished colour separation, subtle volumetric atmosphere, realistic materials, professional horror production design","people as main subject, visible monster as main subject, graphic gore, modern clutter that contradicts the setting, bright cheerful mood, flat lighting, malformed architecture, impossible perspective, duplicated doors, floating objects, warped signage, invented readable text, watermark, logo, low detail, blur",Gothic Horror,1.0,False
0199 | Gothic Horror/Ruined Abbey Crypt — Storm Night,"Ruined Abbey Crypt, a collapsed medieval abbey with underground crypt, broken effigies, root-filled stairs and moonlit cloister, during a stormy night, rain or wind appropriate to the setting, intermittent practical light, reflective surfaces and cinematic tension without visible characters, no people present, environment-first composition, highly detailed architecture and surfaces, coherent spatial layout, cinematic depth, polished colour separation, subtle volumetric atmosphere, realistic materials, professional horror production design","people as main subject, visible monster as main subject, graphic gore, modern clutter that contradicts the setting, bright cheerful mood, flat lighting, malformed architecture, impossible perspective, duplicated doors, floating objects, warped signage, invented readable text, watermark, logo, low detail, blur",Gothic Horror,1.0,False
0200 | Gothic Horror/Ruined Abbey Crypt — Abandoned Daylight,"Ruined Abbey Crypt, a collapsed medieval abbey with underground crypt, broken effigies, root-filled stairs and moonlit cloister, in pale overcast daylight, abandonment clearly visible, authentic wear and material detail, long empty sightlines and unsettling realism rather than darkness alone, no people present, environment-first composition, highly detailed architecture and surfaces, coherent spatial layout, cinematic depth, polished colour separation, subtle volumetric atmosphere, realistic materials, professional horror production design","people as main subject, visible monster as main subject, graphic gore, modern clutter that contradicts the setting, bright cheerful mood, flat lighting, malformed architecture, impossible perspective, duplicated doors, floating objects, warped signage, invented readable text, watermark, logo, low detail, blur",Gothic Horror,1.0,False
0201 | Gothic Horror/Abandoned Plague Village — Blue Hour,"Abandoned Plague Village, a deserted stone village sealed after an old plague, empty chapel, dry well, barricaded houses and mountain fog, at blue hour, cool exterior ambience, small warm practical lights, layered depth, precise production design and a polished widescreen horror establishing shot, no people present, environment-first composition, highly detailed architecture and surfaces, coherent spatial layout, cinematic depth, polished colour separation, subtle volumetric atmosphere, realistic materials, professional horror production design","people as main subject, visible monster as main subject, graphic gore, modern clutter that contradicts the setting, bright cheerful mood, flat lighting, malformed architecture, impossible perspective, duplicated doors, floating objects, warped signage, invented readable text, watermark, logo, low detail, blur",Gothic Horror,1.0,False
0202 | Gothic Horror/Abandoned Plague Village — Moonlit Fog,"Abandoned Plague Village, a deserted stone village sealed after an old plague, empty chapel, dry well, barricaded houses and mountain fog, under moonlight and drifting fog, strong silhouettes, readable environmental detail, controlled contrast and a quiet supernatural atmosphere, no people present, environment-first composition, highly detailed architecture and surfaces, coherent spatial layout, cinematic depth, polished colour separation, subtle volumetric atmosphere, realistic materials, professional horror production design","people as main subject, visible monster as main subject, graphic gore, modern clutter that contradicts the setting, bright cheerful mood, flat lighting, malformed architecture, impossible perspective, duplicated doors, floating objects, warped signage, invented readable text, watermark, logo, low detail, blur",Gothic Horror,1.0,False
0203 | Gothic Horror/Abandoned Plague Village — Storm Night,"Abandoned Plague Village, a deserted stone village sealed after an old plague, empty chapel, dry well, barricaded houses and mountain fog, during a stormy night, rain or wind appropriate to the setting, intermittent practical light, reflective surfaces and cinematic tension without visible characters, no people present, environment-first composition, highly detailed architecture and surfaces, coherent spatial layout, cinematic depth, polished colour separation, subtle volumetric atmosphere, realistic materials, professional horror production design","people as main subject, visible monster as main subject, graphic gore, modern clutter that contradicts the setting, bright cheerful mood, flat lighting, malformed architecture, impossible perspective, duplicated doors, floating objects, warped signage, invented readable text, watermark, logo, low detail, blur",Gothic Horror,1.0,False
0204 | Gothic Horror/Abandoned Plague Village — Abandoned Daylight,"Abandoned Plague Village, a deserted stone village sealed after an old plague, empty chapel, dry well, barricaded houses and mountain fog, in pale overcast daylight, abandonment clearly visible, authentic wear and material detail, long empty sightlines and unsettling realism rather than darkness alone, no people present, environment-first composition, highly detailed architecture and surfaces, coherent spatial layout, cinematic depth, polished colour separation, subtle volumetric atmosphere, realistic materials, professional horror production design","people as main subject, visible monster as main subject, graphic gore, modern clutter that contradicts the setting, bright cheerful mood, flat lighting, malformed architecture, impossible perspective, duplicated doors, floating objects, warped signage, invented readable text, watermark, logo, low detail, blur",Gothic Horror,1.0,False
0205 | Gothic Horror/Medieval Dungeon — Blue Hour,"Medieval Dungeon, a castle dungeon with rough stone cells, iron gates, drainage channel, torch brackets and a spiral stair upward, at blue hour, cool exterior ambience, small warm practical lights, layered depth, precise production design and a polished widescreen horror establishing shot, no people present, environment-first composition, highly detailed architecture and surfaces, coherent spatial layout, cinematic depth, polished colour separation, subtle volumetric atmosphere, realistic materials, professional horror production design","people as main subject, visible monster as main subject, graphic gore, modern clutter that contradicts the setting, bright cheerful mood, flat lighting, malformed architecture, impossible perspective, duplicated doors, floating objects, warped signage, invented readable text, watermark, logo, low detail, blur",Gothic Horror,1.0,False
0206 | Gothic Horror/Medieval Dungeon — Moonlit Fog,"Medieval Dungeon, a castle dungeon with rough stone cells, iron gates, drainage channel, torch brackets and a spiral stair upward, under moonlight and drifting fog, strong silhouettes, readable environmental detail, controlled contrast and a quiet supernatural atmosphere, no people present, environment-first composition, highly detailed architecture and surfaces, coherent spatial layout, cinematic depth, polished colour separation, subtle volumetric atmosphere, realistic materials, professional horror production design","people as main subject, visible monster as main subject, graphic gore, modern clutter that contradicts the setting, bright cheerful mood, flat lighting, malformed architecture, impossible perspective, duplicated doors, floating objects, warped signage, invented readable text, watermark, logo, low detail, blur",Gothic Horror,1.0,False
0207 | Gothic Horror/Medieval Dungeon — Storm Night,"Medieval Dungeon, a castle dungeon with rough stone cells, iron gates, drainage channel, torch brackets and a spiral stair upward, during a stormy night, rain or wind appropriate to the setting, intermittent practical light, reflective surfaces and cinematic tension without visible characters, no people present, environment-first composition, highly detailed architecture and surfaces, coherent spatial layout, cinematic depth, polished colour separation, subtle volumetric atmosphere, realistic materials, professional horror production design","people as main subject, visible monster as main subject, graphic gore, modern clutter that contradicts the setting, bright cheerful mood, flat lighting, malformed architecture, impossible perspective, duplicated doors, floating objects, warped signage, invented readable text, watermark, logo, low detail, blur",Gothic Horror,1.0,False
0208 | Gothic Horror/Medieval Dungeon — Abandoned Daylight,"Medieval Dungeon, a castle dungeon with rough stone cells, iron gates, drainage channel, torch brackets and a spiral stair upward, in pale overcast daylight, abandonment clearly visible, authentic wear and material detail, long empty sightlines and unsettling realism rather than darkness alone, no people present, environment-first composition, highly detailed architecture and surfaces, coherent spatial layout, cinematic depth, polished colour separation, subtle volumetric atmosphere, realistic materials, professional horror production design","people as main subject, visible monster as main subject, graphic gore, modern clutter that contradicts the setting, bright cheerful mood, flat lighting, malformed architecture, impossible perspective, duplicated doors, floating objects, warped signage, invented readable text, watermark, logo, low detail, blur",Gothic Horror,1.0,False
0209 | Folklore Horror/Witch’s Forest Cottage — Blue Hour,"Witch’s Forest Cottage, a crooked cottage in an ancient forest, herb-drying rafters, black stove, root cellar and protective symbols at the door, at blue hour, cool exterior ambience, small warm practical lights, layered depth, precise production design and a polished widescreen horror establishing shot, no people present, environment-first composition, highly detailed architecture and surfaces, coherent spatial layout, cinematic depth, polished colour separation, subtle volumetric atmosphere, realistic materials, professional horror production design","people as main subject, visible monster as main subject, graphic gore, modern clutter that contradicts the setting, bright cheerful mood, flat lighting, malformed architecture, impossible perspective, duplicated doors, floating objects, warped signage, invented readable text, watermark, logo, low detail, blur",Folklore Horror,1.0,False
0210 | Folklore Horror/Witch’s Forest Cottage — Moonlit Fog,"Witch’s Forest Cottage, a crooked cottage in an ancient forest, herb-drying rafters, black stove, root cellar and protective symbols at the door, under moonlight and drifting fog, strong silhouettes, readable environmental detail, controlled contrast and a quiet supernatural atmosphere, no people present, environment-first composition, highly detailed architecture and surfaces, coherent spatial layout, cinematic depth, polished colour separation, subtle volumetric atmosphere, realistic materials, professional horror production design","people as main subject, visible monster as main subject, graphic gore, modern clutter that contradicts the setting, bright cheerful mood, flat lighting, malformed architecture, impossible perspective, duplicated doors, floating objects, warped signage, invented readable text, watermark, logo, low detail, blur",Folklore Horror,1.0,False
0211 | Folklore Horror/Witch’s Forest Cottage — Storm Night,"Witch’s Forest Cottage, a crooked cottage in an ancient forest, herb-drying rafters, black stove, root cellar and protective symbols at the door, during a stormy night, rain or wind appropriate to the setting, intermittent practical light, reflective surfaces and cinematic tension without visible characters, no people present, environment-first composition, highly detailed architecture and surfaces, coherent spatial layout, cinematic depth, polished colour separation, subtle volumetric atmosphere, realistic materials, professional horror production design","people as main subject, visible monster as main subject, graphic gore, modern clutter that contradicts the setting, bright cheerful mood, flat lighting, malformed architecture, impossible perspective, duplicated doors, floating objects, warped signage, invented readable text, watermark, logo, low detail, blur",Folklore Horror,1.0,False
0212 | Folklore Horror/Witch’s Forest Cottage — Abandoned Daylight,"Witch’s Forest Cottage, a crooked cottage in an ancient forest, herb-drying rafters, black stove, root cellar and protective symbols at the door, in pale overcast daylight, abandonment clearly visible, authentic wear and material detail, long empty sightlines and unsettling realism rather than darkness alone, no people present, environment-first composition, highly detailed architecture and surfaces, coherent spatial layout, cinematic depth, polished colour separation, subtle volumetric atmosphere, realistic materials, professional horror production design","people as main subject, visible monster as main subject, graphic gore, modern clutter that contradicts the setting, bright cheerful mood, flat lighting, malformed architecture, impossible perspective, duplicated doors, floating objects, warped signage, invented readable text, watermark, logo, low detail, blur",Folklore Horror,1.0,False
0213 | Gothic Horror/Vampire Family Crypt — Blue Hour,"Vampire Family Crypt, an ornate subterranean family crypt with marble sarcophagi, iron gate, candle niches and damp stone vaults, at blue hour, cool exterior ambience, small warm practical lights, layered depth, precise production design and a polished widescreen horror establishing shot, no people present, environment-first composition, highly detailed architecture and surfaces, coherent spatial layout, cinematic depth, polished colour separation, subtle volumetric atmosphere, realistic materials, professional horror production design","people as main subject, visible monster as main subject, graphic gore, modern clutter that contradicts the setting, bright cheerful mood, flat lighting, malformed architecture, impossible perspective, duplicated doors, floating objects, warped signage, invented readable text, watermark, logo, low detail, blur",Gothic Horror,1.0,False
0214 | Gothic Horror/Vampire Family Crypt — Moonlit Fog,"Vampire Family Crypt, an ornate subterranean family crypt with marble sarcophagi, iron gate, candle niches and damp stone vaults, under moonlight and drifting fog, strong silhouettes, readable environmental detail, controlled contrast and a quiet supernatural atmosphere, no people present, environment-first composition, highly detailed architecture and surfaces, coherent spatial layout, cinematic depth, polished colour separation, subtle volumetric atmosphere, realistic materials, professional horror production design","people as main subject, visible monster as main subject, graphic gore, modern clutter that contradicts the setting, bright cheerful mood, flat lighting, malformed architecture, impossible perspective, duplicated doors, floating objects, warped signage, invented readable text, watermark, logo, low detail, blur",Gothic Horror,1.0,False
0215 | Gothic Horror/Vampire Family Crypt — Storm Night,"Vampire Family Crypt, an ornate subterranean family crypt with marble sarcophagi, iron gate, candle niches and damp stone vaults, during a stormy night, rain or wind appropriate to the setting, intermittent practical light, reflective surfaces and cinematic tension without visible characters, no people present, environment-first composition, highly detailed architecture and surfaces, coherent spatial layout, cinematic depth, polished colour separation, subtle volumetric atmosphere, realistic materials, professional horror production design","people as main subject, visible monster as main subject, graphic gore, modern clutter that contradicts the setting, bright cheerful mood, flat lighting, malformed architecture, impossible perspective, duplicated doors, floating objects, warped signage, invented readable text, watermark, logo, low detail, blur",Gothic Horror,1.0,False
0216 | Gothic Horror/Vampire Family Crypt — Abandoned Daylight,"Vampire Family Crypt, an ornate subterranean family crypt with marble sarcophagi, iron gate, candle niches and damp stone vaults, in pale overcast daylight, abandonment clearly visible, authentic wear and material detail, long empty sightlines and unsettling realism rather than darkness alone, no people present, environment-first composition, highly detailed architecture and surfaces, coherent spatial layout, cinematic depth, polished colour separation, subtle volumetric atmosphere, realistic materials, professional horror production design","people as main subject, visible monster as main subject, graphic gore, modern clutter that contradicts the setting, bright cheerful mood, flat lighting, malformed architecture, impossible perspective, duplicated doors, floating objects, warped signage, invented readable text, watermark, logo, low detail, blur",Gothic Horror,1.0,False
0217 | Dark Fantasy Horror/Necromancer’s Tower — Blue Hour,"Necromancer’s Tower, a ruined black stone tower above a dead valley, spiral library, ritual observatory and storm-lit battlements, at blue hour, cool exterior ambience, small warm practical lights, layered depth, precise production design and a polished widescreen horror establishing shot, no people present, environment-first composition, highly detailed architecture and surfaces, coherent spatial layout, cinematic depth, polished colour separation, subtle volumetric atmosphere, realistic materials, professional horror production design","people as main subject, visible monster as main subject, graphic gore, modern clutter that contradicts the setting, bright cheerful mood, flat lighting, malformed architecture, impossible perspective, duplicated doors, floating objects, warped signage, invented readable text, watermark, logo, low detail, blur",Dark Fantasy Horror,1.0,False
0218 | Dark Fantasy Horror/Necromancer’s Tower — Moonlit Fog,"Necromancer’s Tower, a ruined black stone tower above a dead valley, spiral library, ritual observatory and storm-lit battlements, under moonlight and drifting fog, strong silhouettes, readable environmental detail, controlled contrast and a quiet supernatural atmosphere, no people present, environment-first composition, highly detailed architecture and surfaces, coherent spatial layout, cinematic depth, polished colour separation, subtle volumetric atmosphere, realistic materials, professional horror production design","people as main subject, visible monster as main subject, graphic gore, modern clutter that contradicts the setting, bright cheerful mood, flat lighting, malformed architecture, impossible perspective, duplicated doors, floating objects, warped signage, invented readable text, watermark, logo, low detail, blur",Dark Fantasy Horror,1.0,False
0219 | Dark Fantasy Horror/Necromancer’s Tower — Storm Night,"Necromancer’s Tower, a ruined black stone tower above a dead valley, spiral library, ritual observatory and storm-lit battlements, during a stormy night, rain or wind appropriate to the setting, intermittent practical light, reflective surfaces and cinematic tension without visible characters, no people present, environment-first composition, highly detailed architecture and surfaces, coherent spatial layout, cinematic depth, polished colour separation, subtle volumetric atmosphere, realistic materials, professional horror production design","people as main subject, visible monster as main subject, graphic gore, modern clutter that contradicts the setting, bright cheerful mood, flat lighting, malformed architecture, impossible perspective, duplicated doors, floating objects, warped signage, invented readable text, watermark, logo, low detail, blur",Dark Fantasy Horror,1.0,False
0220 | Dark Fantasy Horror/Necromancer’s Tower — Abandoned Daylight,"Necromancer’s Tower, a ruined black stone tower above a dead valley, spiral library, ritual observatory and storm-lit battlements, in pale overcast daylight, abandonment clearly visible, authentic wear and material detail, long empty sightlines and unsettling realism rather than darkness alone, no people present, environment-first composition, highly detailed architecture and surfaces, coherent spatial layout, cinematic depth, polished colour separation, subtle volumetric atmosphere, realistic materials, professional horror production design","people as main subject, visible monster as main subject, graphic gore, modern clutter that contradicts the setting, bright cheerful mood, flat lighting, malformed architecture, impossible perspective, duplicated doors, floating objects, warped signage, invented readable text, watermark, logo, low detail, blur",Dark Fantasy Horror,1.0,False
0221 | Urban Gothic Horror/Foggy London Back Alley — Blue Hour,"Foggy London Back Alley, a narrow Victorian London alley, wet cobbles, gas lamps, brick archways, carriage entrance and dense river fog, at blue hour, cool exterior ambience, small warm practical lights, layered depth, precise production design and a polished widescreen horror establishing shot, no people present, environment-first composition, highly detailed architecture and surfaces, coherent spatial layout, cinematic depth, polished colour separation, subtle volumetric atmosphere, realistic materials, professional horror production design","people as main subject, visible monster as main subject, graphic gore, modern clutter that contradicts the setting, bright cheerful mood, flat lighting, malformed architecture, impossible perspective, duplicated doors, floating objects, warped signage, invented readable text, watermark, logo, low detail, blur",Urban Gothic Horror,1.0,False
0222 | Urban Gothic Horror/Foggy London Back Alley — Moonlit Fog,"Foggy London Back Alley, a narrow Victorian London alley, wet cobbles, gas lamps, brick archways, carriage entrance and dense river fog, under moonlight and drifting fog, strong silhouettes, readable environmental detail, controlled contrast and a quiet supernatural atmosphere, no people present, environment-first composition, highly detailed architecture and surfaces, coherent spatial layout, cinematic depth, polished colour separation, subtle volumetric atmosphere, realistic materials, professional horror production design","people as main subject, visible monster as main subject, graphic gore, modern clutter that contradicts the setting, bright cheerful mood, flat lighting, malformed architecture, impossible perspective, duplicated doors, floating objects, warped signage, invented readable text, watermark, logo, low detail, blur",Urban Gothic Horror,1.0,False
0223 | Urban Gothic Horror/Foggy London Back Alley — Storm Night,"Foggy London Back Alley, a narrow Victorian London alley, wet cobbles, gas lamps, brick archways, carriage entrance and dense river fog, during a stormy night, rain or wind appropriate to the setting, intermittent practical light, reflective surfaces and cinematic tension without visible characters, no people present, environment-first composition, highly detailed architecture and surfaces, coherent spatial layout, cinematic depth, polished colour separation, subtle volumetric atmosphere, realistic materials, professional horror production design","people as main subject, visible monster as main subject, graphic gore, modern clutter that contradicts the setting, bright cheerful mood, flat lighting, malformed architecture, impossible perspective, duplicated doors, floating objects, warped signage, invented readable text, watermark, logo, low detail, blur",Urban Gothic Horror,1.0,False
0224 | Urban Gothic Horror/Foggy London Back Alley — Abandoned Daylight,"Foggy London Back Alley, a narrow Victorian London alley, wet cobbles, gas lamps, brick archways, carriage entrance and dense river fog, in pale overcast daylight, abandonment clearly visible, authentic wear and material detail, long empty sightlines and unsettling realism rather than darkness alone, no people present, environment-first composition, highly detailed architecture and surfaces, coherent spatial layout, cinematic depth, polished colour separation, subtle volumetric atmosphere, realistic materials, professional horror production design","people as main subject, visible monster as main subject, graphic gore, modern clutter that contradicts the setting, bright cheerful mood, flat lighting, malformed architecture, impossible perspective, duplicated doors, floating objects, warped signage, invented readable text, watermark, logo, low detail, blur",Urban Gothic Horror,1.0,False
0225 | Urban Gothic Horror/New England Coastal Town — Blue Hour,"New England Coastal Town, a weathered Atlantic fishing town, white church, old cannery, narrow harbour streets and foghorn glow, at blue hour, cool exterior ambience, small warm practical lights, layered depth, precise production design and a polished widescreen horror establishing shot, no people present, environment-first composition, highly detailed architecture and surfaces, coherent spatial layout, cinematic depth, polished colour separation, subtle volumetric atmosphere, realistic materials, professional horror production design","people as main subject, visible monster as main subject, graphic gore, modern clutter that contradicts the setting, bright cheerful mood, flat lighting, malformed architecture, impossible perspective, duplicated doors, floating objects, warped signage, invented readable text, watermark, logo, low detail, blur",Urban Gothic Horror,1.0,False
0226 | Urban Gothic Horror/New England Coastal Town — Moonlit Fog,"New England Coastal Town, a weathered Atlantic fishing town, white church, old cannery, narrow harbour streets and foghorn glow, under moonlight and drifting fog, strong silhouettes, readable environmental detail, controlled contrast and a quiet supernatural atmosphere, no people present, environment-first composition, highly detailed architecture and surfaces, coherent spatial layout, cinematic depth, polished colour separation, subtle volumetric atmosphere, realistic materials, professional horror production design","people as main subject, visible monster as main subject, graphic gore, modern clutter that contradicts the setting, bright cheerful mood, flat lighting, malformed architecture, impossible perspective, duplicated doors, floating objects, warped signage, invented readable text, watermark, logo, low detail, blur",Urban Gothic Horror,1.0,False
0227 | Urban Gothic Horror/New England Coastal Town — Storm Night,"New England Coastal Town, a weathered Atlantic fishing town, white church, old cannery, narrow harbour streets and foghorn glow, during a stormy night, rain or wind appropriate to the setting, intermittent practical light, reflective surfaces and cinematic tension without visible characters, no people present, environment-first composition, highly detailed architecture and surfaces, coherent spatial layout, cinematic depth, polished colour separation, subtle volumetric atmosphere, realistic materials, professional horror production design","people as main subject, visible monster as main subject, graphic gore, modern clutter that contradicts the setting, bright cheerful mood, flat lighting, malformed architecture, impossible perspective, duplicated doors, floating objects, warped signage, invented readable text, watermark, logo, low detail, blur",Urban Gothic Horror,1.0,False
0228 | Urban Gothic Horror/New England Coastal Town — Abandoned Daylight,"New England Coastal Town, a weathered Atlantic fishing town, white church, old cannery, narrow harbour streets and foghorn glow, in pale overcast daylight, abandonment clearly visible, authentic wear and material detail, long empty sightlines and unsettling realism rather than darkness alone, no people present, environment-first composition, highly detailed architecture and surfaces, coherent spatial layout, cinematic depth, polished colour separation, subtle volumetric atmosphere, realistic materials, professional horror production design","people as main subject, visible monster as main subject, graphic gore, modern clutter that contradicts the setting, bright cheerful mood, flat lighting, malformed architecture, impossible perspective, duplicated doors, floating objects, warped signage, invented readable text, watermark, logo, low detail, blur",Urban Gothic Horror,1.0,False
0229 | Original Cinematic Horror/Desert Ghost Town — Blue Hour,"Desert Ghost Town, an abandoned desert town with false-front saloon, empty jail, windblown street and rusted water tower, at blue hour, cool exterior ambience, small warm practical lights, layered depth, precise production design and a polished widescreen horror establishing shot, no people present, environment-first composition, highly detailed architecture and surfaces, coherent spatial layout, cinematic depth, polished colour separation, subtle volumetric atmosphere, realistic materials, professional horror production design","people as main subject, visible monster as main subject, graphic gore, modern clutter that contradicts the setting, bright cheerful mood, flat lighting, malformed architecture, impossible perspective, duplicated doors, floating objects, warped signage, invented readable text, watermark, logo, low detail, blur",Original Cinematic Horror,1.0,False
0230 | Original Cinematic Horror/Desert Ghost Town — Moonlit Fog,"Desert Ghost Town, an abandoned desert town with false-front saloon, empty jail, windblown street and rusted water tower, under moonlight and drifting fog, strong silhouettes, readable environmental detail, controlled contrast and a quiet supernatural atmosphere, no people present, environment-first composition, highly detailed architecture and surfaces, coherent spatial layout, cinematic depth, polished colour separation, subtle volumetric atmosphere, realistic materials, professional horror production design","people as main subject, visible monster as main subject, graphic gore, modern clutter that contradicts the setting, bright cheerful mood, flat lighting, malformed architecture, impossible perspective, duplicated doors, floating objects, warped signage, invented readable text, watermark, logo, low detail, blur",Original Cinematic Horror,1.0,False
0231 | Original Cinematic Horror/Desert Ghost Town — Storm Night,"Desert Ghost Town, an abandoned desert town with false-front saloon, empty jail, windblown street and rusted water tower, during a stormy night, rain or wind appropriate to the setting, intermittent practical light, reflective surfaces and cinematic tension without visible characters, no people present, environment-first composition, highly detailed architecture and surfaces, coherent spatial layout, cinematic depth, polished colour separation, subtle volumetric atmosphere, realistic materials, professional horror production design","people as main subject, visible monster as main subject, graphic gore, modern clutter that contradicts the setting, bright cheerful mood, flat lighting, malformed architecture, impossible perspective, duplicated doors, floating objects, warped signage, invented readable text, watermark, logo, low detail, blur",Original Cinematic Horror,1.0,False
0232 | Original Cinematic Horror/Desert Ghost Town — Abandoned Daylight,"Desert Ghost Town, an abandoned desert town with false-front saloon, empty jail, windblown street and rusted water tower, in pale overcast daylight, abandonment clearly visible, authentic wear and material detail, long empty sightlines and unsettling realism rather than darkness alone, no people present, environment-first composition, highly detailed architecture and surfaces, coherent spatial layout, cinematic depth, polished colour separation, subtle volumetric atmosphere, realistic materials, professional horror production design","people as main subject, visible monster as main subject, graphic gore, modern clutter that contradicts the setting, bright cheerful mood, flat lighting, malformed architecture, impossible perspective, duplicated doors, floating objects, warped signage, invented readable text, watermark, logo, low detail, blur",Original Cinematic Horror,1.0,False
0233 | Original Cinematic Horror/Mountain Mining Town — Blue Hour,"Mountain Mining Town, a deserted high-altitude mining settlement, timber houses, cable tram, collapsed shaft and early snow, at blue hour, cool exterior ambience, small warm practical lights, layered depth, precise production design and a polished widescreen horror establishing shot, no people present, environment-first composition, highly detailed architecture and surfaces, coherent spatial layout, cinematic depth, polished colour separation, subtle volumetric atmosphere, realistic materials, professional horror production design","people as main subject, visible monster as main subject, graphic gore, modern clutter that contradicts the setting, bright cheerful mood, flat lighting, malformed architecture, impossible perspective, duplicated doors, floating objects, warped signage, invented readable text, watermark, logo, low detail, blur",Original Cinematic Horror,1.0,False
0234 | Original Cinematic Horror/Mountain Mining Town — Moonlit Fog,"Mountain Mining Town, a deserted high-altitude mining settlement, timber houses, cable tram, collapsed shaft and early snow, under moonlight and drifting fog, strong silhouettes, readable environmental detail, controlled contrast and a quiet supernatural atmosphere, no people present, environment-first composition, highly detailed architecture and surfaces, coherent spatial layout, cinematic depth, polished colour separation, subtle volumetric atmosphere, realistic materials, professional horror production design","people as main subject, visible monster as main subject, graphic gore, modern clutter that contradicts the setting, bright cheerful mood, flat lighting, malformed architecture, impossible perspective, duplicated doors, floating objects, warped signage, invented readable text, watermark, logo, low detail, blur",Original Cinematic Horror,1.0,False
0235 | Original Cinematic Horror/Mountain Mining Town — Storm Night,"Mountain Mining Town, a deserted high-altitude mining settlement, timber houses, cable tram, collapsed shaft and early snow, during a stormy night, rain or wind appropriate to the setting, intermittent practical light, reflective surfaces and cinematic tension without visible characters, no people present, environment-first composition, highly detailed architecture and surfaces, coherent spatial layout, cinematic depth, polished colour separation, subtle volumetric atmosphere, realistic materials, professional horror production design","people as main subject, visible monster as main subject, graphic gore, modern clutter that contradicts the setting, bright cheerful mood, flat lighting, malformed architecture, impossible perspective, duplicated doors, floating objects, warped signage, invented readable text, watermark, logo, low detail, blur",Original Cinematic Horror,1.0,False
0236 | Original Cinematic Horror/Mountain Mining Town — Abandoned Daylight,"Mountain Mining Town, a deserted high-altitude mining settlement, timber houses, cable tram, collapsed shaft and early snow, in pale overcast daylight, abandonment clearly visible, authentic wear and material detail, long empty sightlines and unsettling realism rather than darkness alone, no people present, environment-first composition, highly detailed architecture and surfaces, coherent spatial layout, cinematic depth, polished colour separation, subtle volumetric atmosphere, realistic materials, professional horror production design","people as main subject, visible monster as main subject, graphic gore, modern clutter that contradicts the setting, bright cheerful mood, flat lighting, malformed architecture, impossible perspective, duplicated doors, floating objects, warped signage, invented readable text, watermark, logo, low detail, blur",Original Cinematic Horror,1.0,False
0237 | Original Cinematic Horror/Cursed Roadside Attraction — Blue Hour,"Cursed Roadside Attraction, a decaying roadside attraction with oversized statue, souvenir shop, fenced exhibit and empty car park, at blue hour, cool exterior ambience, small warm practical lights, layered depth, precise production design and a polished widescreen horror establishing shot, no people present, environment-first composition, highly detailed architecture and surfaces, coherent spatial layout, cinematic depth, polished colour separation, subtle volumetric atmosphere, realistic materials, professional horror production design","people as main subject, visible monster as main subject, graphic gore, modern clutter that contradicts the setting, bright cheerful mood, flat lighting, malformed architecture, impossible perspective, duplicated doors, floating objects, warped signage, invented readable text, watermark, logo, low detail, blur",Original Cinematic Horror,1.0,False
0238 | Original Cinematic Horror/Cursed Roadside Attraction — Moonlit Fog,"Cursed Roadside Attraction, a decaying roadside attraction with oversized statue, souvenir shop, fenced exhibit and empty car park, under moonlight and drifting fog, strong silhouettes, readable environmental detail, controlled contrast and a quiet supernatural atmosphere, no people present, environment-first composition, highly detailed architecture and surfaces, coherent spatial layout, cinematic depth, polished colour separation, subtle volumetric atmosphere, realistic materials, professional horror production design","people as main subject, visible monster as main subject, graphic gore, modern clutter that contradicts the setting, bright cheerful mood, flat lighting, malformed architecture, impossible perspective, duplicated doors, floating objects, warped signage, invented readable text, watermark, logo, low detail, blur",Original Cinematic Horror,1.0,False
0239 | Original Cinematic Horror/Cursed Roadside Attraction — Storm Night,"Cursed Roadside Attraction, a decaying roadside attraction with oversized statue, souvenir shop, fenced exhibit and empty car park, during a stormy night, rain or wind appropriate to the setting, intermittent practical light, reflective surfaces and cinematic tension without visible characters, no people present, environment-first composition, highly detailed architecture and surfaces, coherent spatial layout, cinematic depth, polished colour separation, subtle volumetric atmosphere, realistic materials, professional horror production design","people as main subject, visible monster as main subject, graphic gore, modern clutter that contradicts the setting, bright cheerful mood, flat lighting, malformed architecture, impossible perspective, duplicated doors, floating objects, warped signage, invented readable text, watermark, logo, low detail, blur",Original Cinematic Horror,1.0,False
0240 | Original Cinematic Horror/Cursed Roadside Attraction — Abandoned Daylight,"Cursed Roadside Attraction, a decaying roadside attraction with oversized statue, souvenir shop, fenced exhibit and empty car park, in pale overcast daylight, abandonment clearly visible, authentic wear and material detail, long empty sightlines and unsettling realism rather than darkness alone, no people present, environment-first composition, highly detailed architecture and surfaces, coherent spatial layout, cinematic depth, polished colour separation, subtle volumetric atmosphere, realistic materials, professional horror production design","people as main subject, visible monster as main subject, graphic gore, modern clutter that contradicts the setting, bright cheerful mood, flat lighting, malformed architecture, impossible perspective, duplicated doors, floating objects, warped signage, invented readable text, watermark, logo, low detail, blur",Original Cinematic Horror,1.0,False
0241 | Original Cinematic Horror/Drained Motel Pool — Blue Hour,"Drained Motel Pool, an empty kidney-shaped motel pool, cracked tiles, abandoned deck chairs, flickering sign and rows of dark rooms, at blue hour, cool exterior ambience, small warm practical lights, layered depth, precise production design and a polished widescreen horror establishing shot, no people present, environment-first composition, highly detailed architecture and surfaces, coherent spatial layout, cinematic depth, polished colour separation, subtle volumetric atmosphere, realistic materials, professional horror production design","people as main subject, visible monster as main subject, graphic gore, modern clutter that contradicts the setting, bright cheerful mood, flat lighting, malformed architecture, impossible perspective, duplicated doors, floating objects, warped signage, invented readable text, watermark, logo, low detail, blur",Original Cinematic Horror,1.0,False
0242 | Original Cinematic Horror/Drained Motel Pool — Moonlit Fog,"Drained Motel Pool, an empty kidney-shaped motel pool, cracked tiles, abandoned deck chairs, flickering sign and rows of dark rooms, under moonlight and drifting fog, strong silhouettes, readable environmental detail, controlled contrast and a quiet supernatural atmosphere, no people present, environment-first composition, highly detailed architecture and surfaces, coherent spatial layout, cinematic depth, polished colour separation, subtle volumetric atmosphere, realistic materials, professional horror production design","people as main subject, visible monster as main subject, graphic gore, modern clutter that contradicts the setting, bright cheerful mood, flat lighting, malformed architecture, impossible perspective, duplicated doors, floating objects, warped signage, invented readable text, watermark, logo, low detail, blur",Original Cinematic Horror,1.0,False
0243 | Original Cinematic Horror/Drained Motel Pool — Storm Night,"Drained Motel Pool, an empty kidney-shaped motel pool, cracked tiles, abandoned deck chairs, flickering sign and rows of dark rooms, during a stormy night, rain or wind appropriate to the setting, intermittent practical light, reflective surfaces and cinematic tension without visible characters, no people present, environment-first composition, highly detailed architecture and surfaces, coherent spatial layout, cinematic depth, polished colour separation, subtle volumetric atmosphere, realistic materials, professional horror production design","people as main subject, visible monster as main subject, graphic gore, modern clutter that contradicts the setting, bright cheerful mood, flat lighting, malformed architecture, impossible perspective, duplicated doors, floating objects, warped signage, invented readable text, watermark, logo, low detail, blur",Original Cinematic Horror,1.0,False
0244 | Original Cinematic Horror/Drained Motel Pool — Abandoned Daylight,"Drained Motel Pool, an empty kidney-shaped motel pool, cracked tiles, abandoned deck chairs, flickering sign and rows of dark rooms, in pale overcast daylight, abandonment clearly visible, authentic wear and material detail, long empty sightlines and unsettling realism rather than darkness alone, no people present, environment-first composition, highly detailed architecture and surfaces, coherent spatial layout, cinematic depth, polished colour separation, subtle volumetric atmosphere, realistic materials, professional horror production design","people as main subject, visible monster as main subject, graphic gore, modern clutter that contradicts the setting, bright cheerful mood, flat lighting, malformed architecture, impossible perspective, duplicated doors, floating objects, warped signage, invented readable text, watermark, logo, low detail, blur",Original Cinematic Horror,1.0,False
0245 | Seasonal Spooky/Halloween Suburban Cul-de-sac — Blue Hour,"Halloween Suburban Cul-de-sac, a quiet American cul-de-sac on Halloween night, carved pumpkins, decorated porches, fallen leaves and no people outside, at blue hour, cool exterior ambience, small warm practical lights, layered depth, precise production design and a polished widescreen horror establishing shot, no people present, environment-first composition, highly detailed architecture and surfaces, coherent spatial layout, cinematic depth, polished colour separation, subtle volumetric atmosphere, realistic materials, professional horror production design","people as main subject, visible monster as main subject, graphic gore, modern clutter that contradicts the setting, bright cheerful mood, flat lighting, malformed architecture, impossible perspective, duplicated doors, floating objects, warped signage, invented readable text, watermark, logo, low detail, blur",Seasonal Spooky,1.0,False
0246 | Seasonal Spooky/Halloween Suburban Cul-de-sac — Moonlit Fog,"Halloween Suburban Cul-de-sac, a quiet American cul-de-sac on Halloween night, carved pumpkins, decorated porches, fallen leaves and no people outside, under moonlight and drifting fog, strong silhouettes, readable environmental detail, controlled contrast and a quiet supernatural atmosphere, no people present, environment-first composition, highly detailed architecture and surfaces, coherent spatial layout, cinematic depth, polished colour separation, subtle volumetric atmosphere, realistic materials, professional horror production design","people as main subject, visible monster as main subject, graphic gore, modern clutter that contradicts the setting, bright cheerful mood, flat lighting, malformed architecture, impossible perspective, duplicated doors, floating objects, warped signage, invented readable text, watermark, logo, low detail, blur",Seasonal Spooky,1.0,False
0247 | Seasonal Spooky/Halloween Suburban Cul-de-sac — Storm Night,"Halloween Suburban Cul-de-sac, a quiet American cul-de-sac on Halloween night, carved pumpkins, decorated porches, fallen leaves and no people outside, during a stormy night, rain or wind appropriate to the setting, intermittent practical light, reflective surfaces and cinematic tension without visible characters, no people present, environment-first composition, highly detailed architecture and surfaces, coherent spatial layout, cinematic depth, polished colour separation, subtle volumetric atmosphere, realistic materials, professional horror production design","people as main subject, visible monster as main subject, graphic gore, modern clutter that contradicts the setting, bright cheerful mood, flat lighting, malformed architecture, impossible perspective, duplicated doors, floating objects, warped signage, invented readable text, watermark, logo, low detail, blur",Seasonal Spooky,1.0,False
0248 | Seasonal Spooky/Halloween Suburban Cul-de-sac — Abandoned Daylight,"Halloween Suburban Cul-de-sac, a quiet American cul-de-sac on Halloween night, carved pumpkins, decorated porches, fallen leaves and no people outside, in pale overcast daylight, abandonment clearly visible, authentic wear and material detail, long empty sightlines and unsettling realism rather than darkness alone, no people present, environment-first composition, highly detailed architecture and surfaces, coherent spatial layout, cinematic depth, polished colour separation, subtle volumetric atmosphere, realistic materials, professional horror production design","people as main subject, visible monster as main subject, graphic gore, modern clutter that contradicts the setting, bright cheerful mood, flat lighting, malformed architecture, impossible perspective, duplicated doors, floating objects, warped signage, invented readable text, watermark, logo, low detail, blur",Seasonal Spooky,1.0,False
0249 | Psychological Horror/Endless Apartment Hallway — Blue Hour,"Endless Apartment Hallway, a repeating apartment corridor with identical doors, patterned carpet, humming lights and no visible exit, at blue hour, cool exterior ambience, small warm practical lights, layered depth, precise production design and a polished widescreen horror establishing shot, no people present, environment-first composition, highly detailed architecture and surfaces, coherent spatial layout, cinematic depth, polished colour separation, subtle volumetric atmosphere, realistic materials, professional horror production design","people as main subject, visible monster as main subject, graphic gore, modern clutter that contradicts the setting, bright cheerful mood, flat lighting, malformed architecture, impossible perspective, duplicated doors, floating objects, warped signage, invented readable text, watermark, logo, low detail, blur",Psychological Horror,1.0,False
0250 | Psychological Horror/Endless Apartment Hallway — Moonlit Fog,"Endless Apartment Hallway, a repeating apartment corridor with identical doors, patterned carpet, humming lights and no visible exit, under moonlight and drifting fog, strong silhouettes, readable environmental detail, controlled contrast and a quiet supernatural atmosphere, no people present, environment-first composition, highly detailed architecture and surfaces, coherent spatial layout, cinematic depth, polished colour separation, subtle volumetric atmosphere, realistic materials, professional horror production design","people as main subject, visible monster as main subject, graphic gore, modern clutter that contradicts the setting, bright cheerful mood, flat lighting, malformed architecture, impossible perspective, duplicated doors, floating objects, warped signage, invented readable text, watermark, logo, low detail, blur",Psychological Horror,1.0,False
0251 | Psychological Horror/Endless Apartment Hallway — Storm Night,"Endless Apartment Hallway, a repeating apartment corridor with identical doors, patterned carpet, humming lights and no visible exit, during a stormy night, rain or wind appropriate to the setting, intermittent practical light, reflective surfaces and cinematic tension without visible characters, no people present, environment-first composition, highly detailed architecture and surfaces, coherent spatial layout, cinematic depth, polished colour separation, subtle volumetric atmosphere, realistic materials, professional horror production design","people as main subject, visible monster as main subject, graphic gore, modern clutter that contradicts the setting, bright cheerful mood, flat lighting, malformed architecture, impossible perspective, duplicated doors, floating objects, warped signage, invented readable text, watermark, logo, low detail, blur",Psychological Horror,1.0,False
0252 | Psychological Horror/Endless Apartment Hallway — Abandoned Daylight,"Endless Apartment Hallway, a repeating apartment corridor with identical doors, patterned carpet, humming lights and no visible exit, in pale overcast daylight, abandonment clearly visible, authentic wear and material detail, long empty sightlines and unsettling realism rather than darkness alone, no people present, environment-first composition, highly detailed architecture and surfaces, coherent spatial layout, cinematic depth, polished colour separation, subtle volumetric atmosphere, realistic materials, professional horror production design","people as main subject, visible monster as main subject, graphic gore, modern clutter that contradicts the setting, bright cheerful mood, flat lighting, malformed architecture, impossible perspective, duplicated doors, floating objects, warped signage, invented readable text, watermark, logo, low detail, blur",Psychological Horror,1.0,False
0253 | Psychological Horror/Elevator Between Floors — Blue Hour,"Elevator Between Floors, an old lift stopped between floors, half-open doors, service shaft, failing ceiling light and scratched control panel, at blue hour, cool exterior ambience, small warm practical lights, layered depth, precise production design and a polished widescreen horror establishing shot, no people present, environment-first composition, highly detailed architecture and surfaces, coherent spatial layout, cinematic depth, polished colour separation, subtle volumetric atmosphere, realistic materials, professional horror production design","people as main subject, visible monster as main subject, graphic gore, modern clutter that contradicts the setting, bright cheerful mood, flat lighting, malformed architecture, impossible perspective, duplicated doors, floating objects, warped signage, invented readable text, watermark, logo, low detail, blur",Psychological Horror,1.0,False
0254 | Psychological Horror/Elevator Between Floors — Moonlit Fog,"Elevator Between Floors, an old lift stopped between floors, half-open doors, service shaft, failing ceiling light and scratched control panel, under moonlight and drifting fog, strong silhouettes, readable environmental detail, controlled contrast and a quiet supernatural atmosphere, no people present, environment-first composition, highly detailed architecture and surfaces, coherent spatial layout, cinematic depth, polished colour separation, subtle volumetric atmosphere, realistic materials, professional horror production design","people as main subject, visible monster as main subject, graphic gore, modern clutter that contradicts the setting, bright cheerful mood, flat lighting, malformed architecture, impossible perspective, duplicated doors, floating objects, warped signage, invented readable text, watermark, logo, low detail, blur",Psychological Horror,1.0,False
0255 | Psychological Horror/Elevator Between Floors — Storm Night,"Elevator Between Floors, an old lift stopped between floors, half-open doors, service shaft, failing ceiling light and scratched control panel, during a stormy night, rain or wind appropriate to the setting, intermittent practical light, reflective surfaces and cinematic tension without visible characters, no people present, environment-first composition, highly detailed architecture and surfaces, coherent spatial layout, cinematic depth, polished colour separation, subtle volumetric atmosphere, realistic materials, professional horror production design","people as main subject, visible monster as main subject, graphic gore, modern clutter that contradicts the setting, bright cheerful mood, flat lighting, malformed architecture, impossible perspective, duplicated doors, floating objects, warped signage, invented readable text, watermark, logo, low detail, blur",Psychological Horror,1.0,False
0256 | Psychological Horror/Elevator Between Floors — Abandoned Daylight,"Elevator Between Floors, an old lift stopped between floors, half-open doors, service shaft, failing ceiling light and scratched control panel, in pale overcast daylight, abandonment clearly visible, authentic wear and material detail, long empty sightlines and unsettling realism rather than darkness alone, no people present, environment-first composition, highly detailed architecture and surfaces, coherent spatial layout, cinematic depth, polished colour separation, subtle volumetric atmosphere, realistic materials, professional horror production design","people as main subject, visible monster as main subject, graphic gore, modern clutter that contradicts the setting, bright cheerful mood, flat lighting, malformed architecture, impossible perspective, duplicated doors, floating objects, warped signage, invented readable text, watermark, logo, low detail, blur",Psychological Horror,1.0,False
0257 | Psychological Horror/Hotel Corridor at 3 A.M. — Blue Hour,"Hotel Corridor at 3 A.M., a long anonymous hotel hallway, closed doors, ice machine alcove, patterned carpet and one distant light flickering, at blue hour, cool exterior ambience, small warm practical lights, layered depth, precise production design and a polished widescreen horror establishing shot, no people present, environment-first composition, highly detailed architecture and surfaces, coherent spatial layout, cinematic depth, polished colour separation, subtle volumetric atmosphere, realistic materials, professional horror production design","people as main subject, visible monster as main subject, graphic gore, modern clutter that contradicts the setting, bright cheerful mood, flat lighting, malformed architecture, impossible perspective, duplicated doors, floating objects, warped signage, invented readable text, watermark, logo, low detail, blur",Psychological Horror,1.0,False
0258 | Psychological Horror/Hotel Corridor at 3 A.M. — Moonlit Fog,"Hotel Corridor at 3 A.M., a long anonymous hotel hallway, closed doors, ice machine alcove, patterned carpet and one distant light flickering, under moonlight and drifting fog, strong silhouettes, readable environmental detail, controlled contrast and a quiet supernatural atmosphere, no people present, environment-first composition, highly detailed architecture and surfaces, coherent spatial layout, cinematic depth, polished colour separation, subtle volumetric atmosphere, realistic materials, professional horror production design","people as main subject, visible monster as main subject, graphic gore, modern clutter that contradicts the setting, bright cheerful mood, flat lighting, malformed architecture, impossible perspective, duplicated doors, floating objects, warped signage, invented readable text, watermark, logo, low detail, blur",Psychological Horror,1.0,False
0259 | Psychological Horror/Hotel Corridor at 3 A.M. — Storm Night,"Hotel Corridor at 3 A.M., a long anonymous hotel hallway, closed doors, ice machine alcove, patterned carpet and one distant light flickering, during a stormy night, rain or wind appropriate to the setting, intermittent practical light, reflective surfaces and cinematic tension without visible characters, no people present, environment-first composition, highly detailed architecture and surfaces, coherent spatial layout, cinematic depth, polished colour separation, subtle volumetric atmosphere, realistic materials, professional horror production design","people as main subject, visible monster as main subject, graphic gore, modern clutter that contradicts the setting, bright cheerful mood, flat lighting, malformed architecture, impossible perspective, duplicated doors, floating objects, warped signage, invented readable text, watermark, logo, low detail, blur",Psychological Horror,1.0,False
0260 | Psychological Horror/Hotel Corridor at 3 A.M. — Abandoned Daylight,"Hotel Corridor at 3 A.M., a long anonymous hotel hallway, closed doors, ice machine alcove, patterned carpet and one distant light flickering, in pale overcast daylight, abandonment clearly visible, authentic wear and material detail, long empty sightlines and unsettling realism rather than darkness alone, no people present, environment-first composition, highly detailed architecture and surfaces, coherent spatial layout, cinematic depth, polished colour separation, subtle volumetric atmosphere, realistic materials, professional horror production design","people as main subject, visible monster as main subject, graphic gore, modern clutter that contradicts the setting, bright cheerful mood, flat lighting, malformed architecture, impossible perspective, duplicated doors, floating objects, warped signage, invented readable text, watermark, logo, low detail, blur",Psychological Horror,1.0,False
0261 | Urban Horror/Office Tower After Hours — Blue Hour,"Office Tower After Hours, a high-rise office floor at night, empty cubicles, dark conference rooms, emergency exit signs and city lights outside, at blue hour, cool exterior ambience, small warm practical lights, layered depth, precise production design and a polished widescreen horror establishing shot, no people present, environment-first composition, highly detailed architecture and surfaces, coherent spatial layout, cinematic depth, polished colour separation, subtle volumetric atmosphere, realistic materials, professional horror production design","people as main subject, visible monster as main subject, graphic gore, modern clutter that contradicts the setting, bright cheerful mood, flat lighting, malformed architecture, impossible perspective, duplicated doors, floating objects, warped signage, invented readable text, watermark, logo, low detail, blur",Urban Horror,1.0,False
0262 | Urban Horror/Office Tower After Hours — Moonlit Fog,"Office Tower After Hours, a high-rise office floor at night, empty cubicles, dark conference rooms, emergency exit signs and city lights outside, under moonlight and drifting fog, strong silhouettes, readable environmental detail, controlled contrast and a quiet supernatural atmosphere, no people present, environment-first composition, highly detailed architecture and surfaces, coherent spatial layout, cinematic depth, polished colour separation, subtle volumetric atmosphere, realistic materials, professional horror production design","people as main subject, visible monster as main subject, graphic gore, modern clutter that contradicts the setting, bright cheerful mood, flat lighting, malformed architecture, impossible perspective, duplicated doors, floating objects, warped signage, invented readable text, watermark, logo, low detail, blur",Urban Horror,1.0,False
0263 | Urban Horror/Office Tower After Hours — Storm Night,"Office Tower After Hours, a high-rise office floor at night, empty cubicles, dark conference rooms, emergency exit signs and city lights outside, during a stormy night, rain or wind appropriate to the setting, intermittent practical light, reflective surfaces and cinematic tension without visible characters, no people present, environment-first composition, highly detailed architecture and surfaces, coherent spatial layout, cinematic depth, polished colour separation, subtle volumetric atmosphere, realistic materials, professional horror production design","people as main subject, visible monster as main subject, graphic gore, modern clutter that contradicts the setting, bright cheerful mood, flat lighting, malformed architecture, impossible perspective, duplicated doors, floating objects, warped signage, invented readable text, watermark, logo, low detail, blur",Urban Horror,1.0,False
0264 | Urban Horror/Office Tower After Hours — Abandoned Daylight,"Office Tower After Hours, a high-rise office floor at night, empty cubicles, dark conference rooms, emergency exit signs and city lights outside, in pale overcast daylight, abandonment clearly visible, authentic wear and material detail, long empty sightlines and unsettling realism rather than darkness alone, no people present, environment-first composition, highly detailed architecture and surfaces, coherent spatial layout, cinematic depth, polished colour separation, subtle volumetric atmosphere, realistic materials, professional horror production design","people as main subject, visible monster as main subject, graphic gore, modern clutter that contradicts the setting, bright cheerful mood, flat lighting, malformed architecture, impossible perspective, duplicated doors, floating objects, warped signage, invented readable text, watermark, logo, low detail, blur",Urban Horror,1.0,False
0265 | Industrial Horror/Warehouse Maze — Blue Hour,"Warehouse Maze, a vast distribution warehouse with towering shelves, plastic curtains, forklifts left running and aisles disappearing into darkness, at blue hour, cool exterior ambience, small warm practical lights, layered depth, precise production design and a polished widescreen horror establishing shot, no people present, environment-first composition, highly detailed architecture and surfaces, coherent spatial layout, cinematic depth, polished colour separation, subtle volumetric atmosphere, realistic materials, professional horror production design","people as main subject, visible monster as main subject, graphic gore, modern clutter that contradicts the setting, bright cheerful mood, flat lighting, malformed architecture, impossible perspective, duplicated doors, floating objects, warped signage, invented readable text, watermark, logo, low detail, blur",Industrial Horror,1.0,False
0266 | Industrial Horror/Warehouse Maze — Moonlit Fog,"Warehouse Maze, a vast distribution warehouse with towering shelves, plastic curtains, forklifts left running and aisles disappearing into darkness, under moonlight and drifting fog, strong silhouettes, readable environmental detail, controlled contrast and a quiet supernatural atmosphere, no people present, environment-first composition, highly detailed architecture and surfaces, coherent spatial layout, cinematic depth, polished colour separation, subtle volumetric atmosphere, realistic materials, professional horror production design","people as main subject, visible monster as main subject, graphic gore, modern clutter that contradicts the setting, bright cheerful mood, flat lighting, malformed architecture, impossible perspective, duplicated doors, floating objects, warped signage, invented readable text, watermark, logo, low detail, blur",Industrial Horror,1.0,False
0267 | Industrial Horror/Warehouse Maze — Storm Night,"Warehouse Maze, a vast distribution warehouse with towering shelves, plastic curtains, forklifts left running and aisles disappearing into darkness, during a stormy night, rain or wind appropriate to the setting, intermittent practical light, reflective surfaces and cinematic tension without visible characters, no people present, environment-first composition, highly detailed architecture and surfaces, coherent spatial layout, cinematic depth, polished colour separation, subtle volumetric atmosphere, realistic materials, professional horror production design","people as main subject, visible monster as main subject, graphic gore, modern clutter that contradicts the setting, bright cheerful mood, flat lighting, malformed architecture, impossible perspective, duplicated doors, floating objects, warped signage, invented readable text, watermark, logo, low detail, blur",Industrial Horror,1.0,False
0268 | Industrial Horror/Warehouse Maze — Abandoned Daylight,"Warehouse Maze, a vast distribution warehouse with towering shelves, plastic curtains, forklifts left running and aisles disappearing into darkness, in pale overcast daylight, abandonment clearly visible, authentic wear and material detail, long empty sightlines and unsettling realism rather than darkness alone, no people present, environment-first composition, highly detailed architecture and surfaces, coherent spatial layout, cinematic depth, polished colour separation, subtle volumetric atmosphere, realistic materials, professional horror production design","people as main subject, visible monster as main subject, graphic gore, modern clutter that contradicts the setting, bright cheerful mood, flat lighting, malformed architecture, impossible perspective, duplicated doors, floating objects, warped signage, invented readable text, watermark, logo, low detail, blur",Industrial Horror,1.0,False
